      15.0   49.147112
      15.1   49.147112
      15.2   49.147112
      15.3   49.147112
      15.4   49.147112
      15.5   49.147112
      15.6   49.147112
      15.7   49.147112
      15.8   49.147112
      15.9   49.147112
      16.0   49.147112
      16.1   49.147112
      16.2   49.147112
      16.3   49.147112
      16.4   49.147112
      16.5   49.147112
      16.6   49.147112
      16.7   49.147112
      16.8   49.147112
      16.9   49.147112
      17.0   49.147112
      17.1   49.147112
      17.2   49.147112
      17.3   49.147112
      17.4   49.147112
      17.5   49.147112
      17.6   49.147112
      17.7   49.147112
      17.8   49.147112
      17.9   49.147112
      18.0   49.147112
      18.1   49.147112
      18.2   49.147112
      18.3   49.147112
      18.4   49.147112
      18.5   49.147112
      18.6   49.147112
      18.7   49.147112
      18.8   49.147112
      18.9   49.147112
      19.0   49.147112
      19.1   49.147112
      19.2   49.147112
      19.3   49.147112
      19.4   49.147112
      19.5   49.147112
      19.6   16.147024
      19.7   76.502128
      19.8   10.305610
      19.9   83.450952
      20.0  -38.893784
      20.1  -142.62870
      20.2  -45.532360
      20.3   107.55328
      20.4  -48.429160
      20.5  -8.5808032
      20.6  -59.672256
      20.7  -23.958816
      20.8  -6.5538780
      20.9  -35.361448
      21.0  -20.322440
      21.1  -10.576000
      21.2  -18.118460
      21.3  -14.680224
      21.4  -12.165524
      21.5  -12.369076
      21.6  -25.324592
      21.7  -12.843050
      21.8  -9.8676624
      21.9  -9.4180392
      22.0  -8.1753744
      22.1  -8.5110560
      22.2  -6.5891200
      22.3  -7.2022496
      22.4  -6.6680876
      22.5  -6.4239512
      22.6  -6.1869680
      22.7  -5.7218592
      22.8  -5.3863456
      22.9  -4.9276724
      23.0  -4.8017560
      23.1  -4.4461832
      23.2  -4.1671036
      23.3  -3.9049780
      23.4  -3.7775392
      23.5  -3.5507432
      23.6  -3.3304528
      23.7  -3.2223388
      23.8  -3.0564236
      23.9  -2.8648402
      24.0  -2.7760860
      24.1  -2.6159084
      24.2  -2.4571402
      24.3  -2.3170336
      24.4  -2.2464462
      24.5  -2.1154228
      24.6  -1.9877418
      24.7  -1.9248636
      24.8  -1.8106336
      24.9  -1.7009778
      25.0  -1.6471572
      25.1  -1.5442086
      25.2  -1.4462372
      25.3  -1.3987246
      25.4  -1.3073200
      25.5  -1.2198898
      25.6  -1.1359986
      25.7  -1.0953588
      25.8  -1.0166984
      25.9  -.94153752
      26.0  -.90455720
      26.1  -.83332720
      26.2  -.76481360
      26.3  -.73150200
      26.4  -.66674032
      26.5  -.60424008
      26.6  -.57372700
      26.7  -.51451220
      26.8  -.45727180
      26.9  -.40183444
      27.0  -.37478312
      27.1  -.32258910
      27.2  -.27126428
      27.3  -.24653564
      27.4  -.19779172
      27.5  -.15013476
      27.6  -.12666700
      27.7 -.081829728
      27.8 -.038015296
      27.9 -.016514764
      28.0  .025544920
      28.1  .066094776
      28.2   .10694252
      28.3   .12597602
      28.4   .16700616
      28.5   .19538664
      28.6   .21645232
      28.7   .25413748
      28.8   .28960112
      28.9   .31110076
      29.0   .34192904
      29.1   .37253536
      29.2   .39415344
      29.3   .42469180
      29.4   .44075792
      29.5   .48071560
      29.6   .49535112
      29.7   .52542288
      29.8   .55504860
      29.9   .56932608
      30.0   .59769100
      30.1   .62531244
      30.2   .63891644
      30.3   .66569608
      30.4   .69262528
      30.5   .70523624
      30.6   .73075592
      30.7   .75583136
      30.8   .78039688
      30.9   .79257848
      31.0   .81619776
      31.1   .83946576
      31.2   .85101616
      31.3   .87408592
      31.4   .89734256
      31.5   .90935184
      31.6   .94314752
      31.7   .94764736
      31.8   .95994072
      31.9   .98193088
      32.0   .99704192
      32.1   1.0278420
      32.2   1.0288086
      32.3   1.0450772
      32.4   1.0681462
      32.5   1.0911240
      32.6   1.0986782
      32.7   1.1172936
      32.8   1.1276094
      32.9   1.1476852
      33.0   1.1665078
      33.1   1.1850982
      33.2   1.1942726
      33.3   1.2124424
      33.4   1.2303552
      33.5   1.2392256
      33.6   1.2568042
      33.7   1.2741768
      33.8   1.2827890
      33.9   1.2998706
      34.0   1.3167688
      34.1   1.3251514
      34.2   1.3417882
      34.3   1.3582590
      34.4   1.3745700
      34.5   1.3826674
      34.6   1.3987494
      34.7   1.4146856
      34.8   1.4226012
      34.9   1.4383286
      35.0   1.4539232
      35.1   1.4616722
      35.2   1.4770762
      35.3   1.4923586
      35.4   1.4999562
      35.5   1.5150650
      35.6   1.5300628
      35.7   1.5449548
      35.8   1.5523616
      35.9   1.5671008
      36.0   1.5817432
      36.1   1.5890290
      36.2   1.6035330
      36.3   1.6179490
      36.4   1.6251252
      36.5   1.6394162
      36.6   1.6536278
      36.7   1.6607050
      36.8   1.6748036
      36.9   1.6888312
      37.0   1.7027908
      37.1   1.7097460
      37.2   1.7236086
      37.3   1.7374108
      37.4   1.7442900
      37.5   1.7580064
      37.6   1.7716690
      37.7   1.7784814
      37.8   1.7920688
      37.9   1.8056094
      38.0   1.8123628
      38.1   1.8258378
      38.2   1.8392724
      38.3   1.8526690
      38.4   1.8593538
      38.5   1.8726982
      38.6   1.8860102
      38.7   1.8926550
      38.8   1.9059236
      38.9   1.9191662
      39.0   1.9257784
      39.1   1.9389862
      39.2   1.9521732
      39.3   1.9587600
      39.4   1.9719202
      39.5   1.9850660
      39.6   1.9981982
      39.7   2.0047606
      39.8   2.0178778
      39.9   2.0309874
      40.0   2.0375398
      40.1   2.0506410
      40.2   2.0637404
      40.3   2.0702898
      40.4   2.0833888
      40.5   2.0964904
      40.6   2.1030424
      40.7   2.1161512
      40.8   2.1292672
      40.9   2.1423922
      41.0   2.1489584
      41.1   2.1621016
      41.2   2.1752578
      41.3   2.1818420
      41.4   2.1950230
      41.5   2.2082228
      41.6   2.2148300
      41.7   2.2280616
      41.8   2.2413162
      41.9   2.2545960
      42.0   2.2612460
      42.1   2.2745670
      42.2   2.2879180
      42.3   2.2946056
      42.4   2.3080048
      42.5   2.3214384
      42.6   2.3281690
      42.7   2.3416580
      42.8   2.3551862
      42.9   2.3619656
      43.0   2.3755562
      43.1   2.3891898
      43.2   2.4028696
      43.3   2.4097270
      43.4   2.4234788
      43.5   2.4372810
      43.6   2.4442016
      43.7   2.4580820
      43.8   2.4720184
      43.9   2.4790078
      44.0   2.4930298
      44.1   2.5071118
      44.2   2.5141758
      44.3   2.5283512
      44.4   2.5425910
      44.5   2.5568980
      44.6   2.5640772
      44.7   2.5784876
      44.8   2.5929698
      44.9   2.6002380
      45.0   2.6148320
      45.1   2.6295020
      45.2   2.6368662
      45.3   2.6516560
      45.4   2.6665272
      45.5   2.6739940
      45.6   2.6889922
      45.7   2.7040778
      45.8   2.7192524
      45.9   2.7268740
      46.0   2.7421876
      46.1   2.7575962
      46.2   2.7653362
      46.3   2.7808916
      46.4   2.7965472
      46.5   2.8044138
      46.6   2.8202256
      46.7   2.8361436
      46.8   2.8441436
      46.9   2.8602262
      47.0   2.8764220
      47.1   2.8927328
      47.2   2.9009320
      47.3   2.9174204
      47.4   2.9340310
      47.5   2.9423828
      47.6   2.9591804
      47.7   2.9761072
      47.8   2.9846196
      47.9   3.0017436
      48.0   3.0190028
      48.1   3.0276850
      48.2   3.0451524
      48.3   3.0627636
      48.4   3.0805200
      48.5   3.0894536
      48.6   3.1074340
      48.7   3.1255680
      48.8   3.1346936
      48.9   3.1530636
      49.0   3.1715948
      49.1   3.1809220
      49.2   3.1997022
      49.3   3.2186520
      49.4   3.2377744
      49.5   3.2474024
      49.6   3.2667920
      49.7   3.2863650
      49.8   3.2962202
      49.9   3.3160736
      50.0   3.3361180
      50.1   3.3462140
      50.2   3.3665544
      50.3   3.3870968
      50.4   3.3974448
      50.5   3.4182980
      50.6   3.4393640
      50.7   3.4606472
      50.8   3.4713704
      50.9   3.4929876
      51.0   3.5148320
      51.1   3.5258424
      51.2   3.5480380
      51.3   3.5704756
      51.4   3.5817860
      51.5   3.6045928
      51.6   3.6276536
      51.7   3.6392804
      51.8   3.6627312
      51.9   3.6864484
      52.0   3.7104380
      52.1   3.7225372
      52.2   3.7469472
      52.3   3.7716436
      52.4   3.7841020
      52.5   3.8092412
      52.6   3.8346844
      52.7   3.8475220
      52.8   3.8734312
      52.9   3.8996608
      53.0   3.9128980
      53.1   3.9396204
      53.2   3.9666808
      53.3   3.9940872
      53.4   4.0079220
      53.5   4.0358596
      53.6   4.0641632
      53.7   4.0784548
      53.8   4.1073204
      53.9   4.1365736
      54.0   4.1513476
      54.1   4.1811964
      54.2   4.2114540
      54.3   4.2267400
      54.4   4.2576264
      54.5   4.2889524
      54.6   4.3207192
      54.7   4.3367716
      54.8   4.3692168
      54.9   4.4021420
      55.0   4.4187780
      55.1   4.4524236
      55.2   4.4865876
      55.3   4.5038280
      55.4   4.5387820
      55.5   4.5742100
      55.6   4.5921640
      55.7   4.6283904
      55.8   4.6653312
      55.9   4.7026716
      56.0   4.7216180
      56.1   4.7599368
      56.2   4.7989080
      56.3   4.8186096
      56.4   4.8584840
      56.5   4.8991140
      56.6   4.9198688
      56.7   4.9614104
      56.8   5.0033608
      56.9   5.0253004
      57.0   5.0677420
      57.1   5.1156464
      57.2   5.1573056
      57.3   5.1826896
      57.4   5.2250512
      57.5   5.2651712
      57.6   5.2945400
      57.7   5.3457224
      57.8   5.3929860
      57.9   5.4188804
      58.0   5.4633060
      58.1   5.5181304
      58.2   5.5710568
      58.3   5.5977472
      58.4   5.6518724
      58.5   5.7071756
      58.6   5.7346876
      58.7   5.7915460
      58.8   5.8497048
      58.9   5.8783596
      59.0   5.9381208
      59.1   5.9982880
      59.2   6.0296680
      59.3   6.0924912
      59.4   6.1565780
      59.5   6.2220160
      59.6   6.2552904
      59.7   6.3229488
      59.8   6.3920724
      59.9   6.4272340
      60.0   6.4987608
      60.1   6.5719176
      60.2   6.6091500
      60.3   6.6849304
      60.4   6.7625424
      60.5   6.8020872
      60.6   6.8825536
      60.7   6.9648808
      60.8   7.0499744
      60.9   7.0914064
      61.0   7.1818056
      61.1   7.2707552
      61.2   7.3186328
      61.3   7.4064704
      61.4   7.5147000
      61.5   7.5257752
      61.6   7.6578848
      61.7   7.7395720
      61.8   7.8032776
      61.9   7.8483496
      62.0   8.0204640
      62.1   8.1269728
      62.2   8.2018248
      62.3   8.2419424
      62.4   8.4178280
      62.5   8.4744448
      62.6   8.6080280
      62.7   8.7421008
      62.8   8.7995792
      62.9   8.9438560
      63.0   9.0873664
      63.1   9.1612488
      63.2   9.3075904
      63.3   9.4670000
      63.4   9.6210224
      63.5   9.7036712
      63.6   9.8706560
      63.7   10.045160
      63.8   10.134652
      63.9   10.315726
      64.0   10.507036
      64.1   10.605136
      64.2   10.806702
      64.3   11.016260
      64.4   11.124240
      64.5   11.346680
      64.6   11.578706
      64.7   11.820572
      64.8   11.945556
      64.9   12.203650
      65.0   12.473400
      65.1   12.612926
      65.2   12.902038
      65.3   13.205196
      65.4   13.362330
      65.5   13.688514
      65.6   14.031622
      65.7   14.209858
      65.8   14.580902
      65.9   14.972574
      66.0   15.386848
      66.1   15.603262
      66.2   16.053912
      66.3   16.533816
      66.4   16.785090
      66.5   17.312438
      66.6   17.874638
      66.7   18.170632
      66.8   18.794482
      66.9   19.464552
      67.0   20.186382
      67.1   20.569900
      67.2   21.383452
      67.3   22.268472
      67.4   22.740352
      67.5   23.752970
      67.6   24.866610
      67.7   25.463036
      67.8   26.765404
      67.9   28.222996
      68.0   29.026896
      68.1   30.771472
      68.2   32.764804
      68.3   35.114896
      68.4   36.794800
      68.5   39.121952
      68.6   45.971248
      68.7   46.561792
      68.8   50.286056
      68.9   53.702448
      69.0   53.091008
      69.1   60.331256
      69.2   93.308240
      69.3   93.339608
      69.4   106.25610
      69.5   124.43870
      69.6   133.83344
      69.7   153.36662
      69.8   284.38804
      69.9  -475.30816
      70.0  -307.02544
      70.1  -48.648872
      70.2   50.514128
      70.3   175.71602
      70.4  -14.321924
      70.5   59.139120
      70.6   167.60876
      70.7   9.1555480
      70.8  -130.22382
      70.9  -153.05690
      71.0   652.61076
      71.1  -192.57064
      71.2   10.331822
      71.3  -70.602024
      71.4  -108.83476
      71.5  -74.632672
      71.6  -69.068024
      71.7  -58.896740
      71.8  -51.944160
      71.9  -49.148656
      72.0  -44.475296
      72.1  -40.693800
      72.2  -37.552736
      72.3  -36.170088
      72.4  -33.706864
      72.5  -31.574324
      72.6  -30.610828
      72.7  -28.857464
      72.8  -27.300684
      72.9  -26.585650
      73.0  -25.265656
      73.1  -24.073028
      73.2  -23.519470
      73.3  -22.486098
      73.4  -21.541064
      73.5  -20.673476
      73.6  -20.265312
      73.7  -19.496506
      73.8  -18.784250
      73.9  -18.447376
      74.0  -17.808740
      74.1  -17.212938
      74.2  -16.929748
      74.3  -16.390402
      74.4  -15.884278
      74.5  -15.642714
      74.6  -15.180866
      74.7  -14.745342
      74.8  -14.333922
      74.9  -14.136626
      75.0  -13.757732
      75.1  -13.398398
      75.2  -13.225592
      75.3  -12.892844
      75.4  -12.576198
      75.5  -12.423550
      75.6  -12.128926
      75.7  -11.847720
      75.8  -11.579026
      75.9  -11.449112
      76.0  -11.197662
      76.1  -10.956798
      76.2  -10.840124
      76.3  -10.613912
      76.4  -10.396730
      76.5  -10.291360
      76.6  -10.086738
      76.7  -9.8898880
      76.8  -9.7942392
      76.9  -9.6082384
      77.0  -9.4289752
      77.1  -9.2560864
      77.2  -9.1719264
      77.3  -9.0079776
      77.4  -8.8496088
      77.5  -8.7724256
      77.6  -8.6218992
      77.7  -8.4762800
      77.8  -8.4052352
      77.9  -8.2665376
      78.0  -8.1321808
      78.1  -8.0665672
      78.2  -7.9383488
      78.3  -7.8139904
      78.4  -7.6933192
      78.5  -7.6343136
      78.6  -7.5188720
      78.7  -7.4067264
      78.8  -7.3518472
      78.9  -7.2443904
      79.0  -7.1398944
      79.1  -7.0887192
      79.2  -6.9884424
      79.3  -6.8908352
      79.4  -6.8430000
      79.5  -6.7492032
      79.6  -6.6578220
      79.7  -6.5687648
      79.8  -6.5250792
      79.9  -6.4393432
      80.0  -6.3557196
      80.1  -6.3146756
      80.2  -6.2340744
      80.3  -6.1553996
      80.4  -6.1167620
      80.5  -6.0408456
      80.6  -5.9666904
      80.7  -5.9302528
      80.8  -5.8586232
      80.9  -5.7886056
      81.0  -5.7201472
      81.1  -5.6864860
      81.2  -5.6202696
      81.3  -5.5554844
      81.4  -5.5236152
      81.5  -5.4608944
      81.6  -5.3994960
      81.7  -5.3692776
      81.8  -5.3097832
      81.9  -5.2515076
      82.0  -5.2228160
      82.1  -5.1663032
      82.2  -5.1109180
      82.3  -5.0566288
      82.4  -5.0298860
      82.5  -4.9771804
      82.6  -4.9254920
      82.7  -4.9000204
      82.8  -4.8498032
      82.9  -4.8005312
      83.0  -4.7762420
      83.1  -4.7283392
      83.2  -4.6813168
      83.3  -4.6351520
      83.4  -4.6123832
      83.5  -4.5674592
      83.6  -4.5233340
      83.7  -4.5015644
      83.8  -4.4585996
      83.9  -4.4163820
      84.0  -4.3955472
      84.1  -4.3544144
      84.2  -4.3139820
      84.3  -4.2940224
      84.4  -4.2546060
      84.5  -4.2158472
      84.6  -4.1777264
      84.7  -4.1589020
      84.8  -4.1217120
      84.9  -4.0851232
      85.0  -4.0670496
      85.1  -4.0313352
      85.2  -3.9961848
      85.3  -3.9788184
      85.4  -3.9444920
      85.5  -3.9106976
      85.6  -3.8939964
      85.7  -3.8609768
      85.8  -3.8284596
      85.9  -3.7964328
      86.0  -3.7805996
      86.1  -3.7492872
      86.2  -3.7184372
      86.3  -3.7031828
      86.4  -3.6730076
      86.5  -3.6432704
      86.6  -3.6285624
      86.7  -3.5994632
      86.8  -3.5707780
      86.9  -3.5565880
      87.0  -3.5285072
      87.1  -3.5008172
      87.2  -3.4735112
      87.3  -3.4600000
      87.4  -3.4332548
      87.5  -3.4068724
      87.6  -3.3938156
      87.7  -3.3679652
      87.8  -3.3424598
      87.9  -3.3298344
      88.0  -3.3048338
      88.1  -3.2801600
      88.2  -3.2679444
      88.3  -3.2437502
      88.4  -3.2198676
      88.5  -3.1962910
      88.6  -3.1846144
      88.7  -3.1614840
      88.8  -3.1386440
      88.9  -3.1273312
      89.0  -3.1049162
      89.1  -3.0827780
      89.2  -3.0718110
      89.3  -3.0500778
      89.4  -3.0286076
      89.5  -3.0179690
      89.6  -2.9968850
      89.7  -2.9760524
      89.8  -2.9554660
      89.9  -2.9452638
      90.0  -2.9250388
      90.1  -2.9050484
      90.2  -2.8951398
      90.3  -2.8754940
      90.4  -2.8560730
      90.5  -2.8464452
      90.6  -2.8273530
      90.7  -2.8084752
      90.8  -2.7991156
      90.9  -2.7805520
      91.0  -2.7621936
      91.1  -2.7440362
      91.2  -2.7350316
      91.3  -2.7171696
      91.4  -2.6994998
      91.5  -2.6907350
      91.6  -2.6733476
      91.7  -2.6561438
      91.8  -2.6476098
      91.9  -2.6306760
      92.0  -2.6139180
      92.1  -2.5973330
      92.2  -2.5891040
      92.3  -2.5727732
      92.4  -2.5566072
      92.5  -2.5485858
      92.6  -2.5326624
      92.7  -2.5168984
      92.8  -2.5090742
      92.9  -2.4935428
      93.0  -2.4781640
      93.1  -2.4705296
      93.2  -2.4553730
      93.3  -2.4403618
      93.4  -2.4254920
      93.5  -2.4181098
      93.6  -2.4034500
      93.7  -2.3889258
      93.8  -2.3817164
      93.9  -2.3673952
      94.0  -2.3532022
      94.1  -2.3461562
      94.2  -2.3321560
      94.3  -2.3182852
      94.4  -2.3113844
      94.5  -2.2977084
      94.6  -2.2842016
      94.7  -2.2706776
      94.8  -2.2640702
      94.9  -2.2507270
      95.0  -2.2375702
      95.1  -2.2310284
      95.2  -2.2180250
      95.3  -2.2051280
      95.4  -2.1987228
      95.5  -2.1859884
      95.6  -2.1733540
      95.7  -2.1670712
      95.8  -2.1546130
      95.9  -2.1422140
      96.0  -2.1299648
      96.1  -2.1238544
      96.2  -2.1116910
      96.3  -2.0995878
      96.4  -2.0936740
      96.5  -2.0817384
      96.6  -2.0699036
      96.7  -2.0640118
      96.8  -2.0523252
      96.9  -2.0407056
      97.0  -2.0349264
      97.1  -2.0234300
      97.2  -2.0120124
      97.3  -2.0006702
      97.4  -1.9950314
      97.5  -1.9838024
      97.6  -1.9726476
      97.7  -1.9670968
      97.8  -1.9560476
      97.9  -1.9450664
      98.0  -1.9396012
      98.1  -1.9287194
      98.2  -1.9179078
      98.3  -1.9125194
      98.4  -1.9017944
      98.5  -1.8911194
      98.6  -1.8805164
      98.7  -1.8752076
      98.8  -1.8647098
      98.9  -1.8542164
      99.0  -1.8490998
      99.1  -1.8386312
      99.2  -1.8285948
      99.3  -1.8231962
      99.4  -1.8128264
      99.5  -1.8027240
      99.6  -1.7975784
      99.7  -1.7874664
      99.8  -1.7772812
      99.9  -1.7671702
     100.0  -1.7621198
     100.1  -1.7519294
     100.2  -1.7420556
     100.3  -1.7371282
     100.4  -1.7270324
     100.5  -1.7173006
     100.6  -1.7121742
     100.7  -1.7030156
     100.8  -1.6924360
     100.9  -1.6829006
     101.0  -1.6777528
     101.1  -1.6683392
     101.2  -1.6580018
     101.3  -1.6530048
     101.4  -1.6432052
     101.5  -1.6333546
     101.6  -1.6284120
     101.7  -1.6185452
     101.8  -1.6086586
     101.9  -1.6037176
     102.0  -1.5938126
     102.1  -1.5838778
     102.2  -1.5739342
     102.3  -1.5689340
     102.4  -1.5589468
     102.5  -1.5489106
     102.6  -1.5438638
     102.7  -1.5337496
     102.8  -1.5235732
     102.9  -1.5184552
     103.0  -1.5081726
     103.1  -1.4978066
     103.2  -1.4925882
     103.3  -1.4820544
     103.4  -1.4715198
     103.5  -1.4607836
     103.6  -1.4553550
     103.7  -1.4444624
     103.8  -1.4333528
     103.9  -1.4276940
     104.0  -1.4163760
     104.1  -1.4049338
     104.2  -1.3989852
     104.3  -1.3869142
     104.4  -1.3749732
     104.5  -1.3687140
     104.6  -1.3561140
     104.7  -1.3431662
     104.8  -1.3297798
     104.9  -1.3229826
     105.0  -1.3087744
     105.1  -1.2940264
     105.2  -1.2864142
     105.3  -1.2709550
     105.4  -1.2556998
     105.5  -1.2480080
     105.6  -1.2321574
     105.7  -1.2085996
     105.8  -1.1980494
     105.9  -1.1761196
     106.0  -1.1478280
     106.1  -1.1344220
     106.2  -1.1182986
     106.3  -1.0991306
     106.4  -1.0716792
     106.5  -1.0892316
     106.6  -1.0149836
     106.7  -.95968416
     106.8  -.89509024
     106.9  -1.0434300
     107.0  -.88175200
     107.1  -1.1649202
     107.2  -1.4137590
     107.3  -2.5227402
     107.4  -2.5742356
     107.5  -2.2213680
     107.6  -1.4378798
     107.7  -1.1704356
     107.8  -1.0507946
     107.9  -.57391496
     108.0   3.2246236
     108.1  -3.2887422
     108.2  -1.4301514
     108.3  -1.0683106
     108.4  -2.1750780
     108.5  -.87646560
     108.6  -2.8921740
     108.7  -8.6758840
     108.8  -1.5735876
     108.9  -1.6259178
     109.0  -.78049208
     109.1  -1.8487360
     109.2  -2.0035352
     109.3  -1.7026836
     109.4  -1.5710210
     109.5  -1.4242376
     109.6  -1.3151936
     109.7  -1.2256916
     109.8  -1.1907502
     109.9  -1.3903340
     110.0  -.86953560
     110.1  -.83137264
     110.2  -.73353528
     110.3  -.64135196
     110.4  -.60881660
     110.5  -.48944928
     110.6  -.38887140
     110.7  -.28835624
     110.8   .16091306
     110.9   2.2935656
     111.0  -4.2695024
     111.1  -2.4855408
     111.2  -1.4409628
     111.3  -2.3887510
     111.4  -.97504208
     111.5  -.68454680
     111.6  -3.3956876
     111.7  -.66382140
     111.8  -1.5626460
     111.9  -1.8032420
     112.0  -3.7405164
     112.1  -2.2293552
     112.2  -2.6455590
     112.3  -2.4061544
     112.4  -2.2144778
     112.5  -2.1233476
     112.6  -2.0072656
     112.7  -1.9526318
     112.8  -1.8746440
     112.9  -1.8126070
     113.0  -1.7862494
     113.1  -1.7402206
     113.2  -1.7010932
     113.3  -1.6835362
     113.4  -1.6516578
     113.5  -1.6233166
     113.6  -1.5980090
     113.7  -1.5863780
     113.8  -1.5642436
     113.9  -1.5440030
     114.0  -1.5344778
     114.1  -1.5164214
     114.2  -1.4998152
     114.3  -1.4918212
     114.4  -1.4765908
     114.5  -1.4623842
     114.6  -1.4554358
     114.7  -1.4423486
     114.8  -1.4298902
     114.9  -1.4179506
     115.0  -1.4119682
     115.1  -1.4010562
     115.2  -1.3903436
     115.3  -1.3851982
     115.4  -1.3751598
     115.5  -1.3654814
     115.6  -1.3607752
     115.7  -1.3516018
     115.8  -1.3427326
     115.9  -1.3384068
     116.0  -1.3299476
     116.1  -1.3217462
     116.2  -1.3137760
     116.3  -1.3098786
     116.4  -1.3022302
     116.5  -1.2947852
     116.6  -1.2911320
     116.7  -1.2839602
     116.8  -1.2769590
     116.9  -1.2735190
     117.0  -1.2667556
     117.1  -1.2601398
     117.2  -1.2536640
     117.3  -1.2504762
     117.4  -1.2441968
     117.5  -1.2380402
     117.6  -1.2350064
     117.7  -1.2290236
     117.8  -1.2231492
     117.9  -1.2202516
     118.0  -1.2145318
     118.1  -1.2089092
     118.2  -1.2061330
     118.3  -1.2006486
     118.4  -1.1952524
     118.5  -1.1899386
     118.6  -1.1873130
     118.7  -1.1821184
     118.8  -1.1770030
     118.9  -1.1744676
     119.0  -1.1694620
     119.1  -1.1645294
     119.2  -1.1620742
     119.3  -1.1572400
     119.4  -1.1524636
     119.5  -1.1500988
     119.6  -1.1454140
     119.7  -1.1407866
     119.8  -1.1362114
     119.9  -1.1339492
     120.0  -1.1294662
     120.1  -1.1250272
     120.2  -1.1228252
     120.3  -1.1184606
     120.4  -1.1141718
     120.5  -1.1119920
     120.6  -1.1077910
     120.7  -1.1035914
     120.8  -1.1015100
     120.9  -1.0973736
     121.0  -1.0932836
     121.1  -1.0892362
     121.2  -1.0872276
     121.3  -1.0832402
     121.4  -1.0792922
     121.5  -1.0773322
     121.6  -1.0734406
     121.7  -1.0695856
     121.8  -1.0676712
     121.9  -1.0638696
     122.0  -1.0601024
     122.1  -1.0582314
     122.2  -1.0545146
     122.3  -1.0508302
     122.4  -1.0471778
     122.5  -1.0453634
     122.6  -1.0417580
     122.7  -1.0381828
     122.8  -1.0364064
     122.9  -1.0328760
     123.0  -1.0293740
     123.1  -1.0276336
     123.2  -1.0241738
     123.3  -1.0207420
     123.4  -1.0190360
     123.5  -1.0156442
     123.6  -1.0122788
     123.7  -1.0089390
     123.8  -1.0072786
     123.9  -1.0039768
     124.0  -1.0006996
     124.1  -.99907008
     124.2  -.99582928
     124.3  -.99261200
     124.4  -.99101208
     124.5  -.98782960
     124.6  -.98466992
     124.7  -.98309824
     124.8  -.97997192
     124.9  -.97686720
     125.0  -.97378416
     125.1  -.97225048
     125.2  -.96919912
     125.3  -.96616816
     125.4  -.96466064
     125.5  -.96166008
     125.6  -.95867968
     125.7  -.95719680
     125.8  -.95424568
     125.9  -.95131392
     126.0  -.94840088
     126.1  -.94695160
     126.2  -.94406656
     126.3  -.94120000
     126.4  -.93977344
     126.5  -.93693376
     126.6  -.93411184
     126.7  -.93270752
     126.8  -.92991184
     126.9  -.92713312
     127.0  -.92575008
     127.1  -.92299688
     127.2  -.92026000
     127.3  -.91753968
     127.4  -.91618560
     127.5  -.91348944
     127.6  -.91080944
     127.7  -.90947512
     127.8  -.90681840
     127.9  -.90417720
     128.0  -.90286240
     128.1  -.90024384
     128.2  -.89764032
     128.3  -.89634408
     128.4  -.89376288
     128.5  -.89119616
     128.6  -.88864384
     128.7  -.88737312
     128.8  -.88484200
     128.9  -.88232496
     129.0  -.88107184
     129.1  -.87857528
     129.2  -.87609264
     129.3  -.87485640
     129.4  -.87239376
     129.5  -.86994472
     129.6  -.86872496
     129.7  -.86629552
     129.8  -.86387880
     129.9  -.86147488
     130.0  -.86027776
     130.1  -.85789280
     130.2  -.85552032
     130.3  -.85433888
     130.4  -.85198488
     130.5  -.84964304
     130.6  -.84847664
     130.7  -.84615296
     130.8  -.84384088
     130.9  -.84268952
     131.0  -.84039520
     131.1  -.83811248
     131.2  -.83584128
     131.3  -.83470992
     131.4  -.83245552
     131.5  -.83021248
     131.6  -.82909512
     131.7  -.82686872
     131.8  -.82465320
     131.9  -.82354960
     132.0  -.82135008
     132.1  -.81916160
     132.2  -.81807128
     132.3  -.81589872
     132.4  -.81373632
     132.5  -.81158448
     132.6  -.81051248
     132.7  -.80837552
     132.8  -.80624944
     132.9  -.80518992
     133.0  -.80307728
     133.1  -.80097744
     133.2  -.79993008
     133.3  -.79784328
     133.4  -.79576672
     133.5  -.79473152
     133.6  -.79266872
     133.7  -.79061552
     133.8  -.78857176
     133.9  -.78755320
     134.0  -.78552336
     134.1  -.78350256
     134.2  -.78249568
     134.3  -.78048872
     134.4  -.77849056
     134.5  -.77749504
     134.6  -.77551032
     134.7  -.77353448
     134.8  -.77156736
     134.9  -.77058712
     135.0  -.76863288
     135.1  -.76668736
     135.2  -.76571776
     135.3  -.76378488
     135.4  -.76186032
     135.5  -.76090120
     135.6  -.75898912
     135.7  -.75708528
     135.8  -.75613632
     135.9  -.75424448
     136.0  -.75236088
     136.1  -.75048496
     136.2  -.74955008
     136.3  -.74768608
     136.4  -.74582992
     136.5  -.74490432
     136.6  -.74306064
     136.7  -.74122288
     136.8  -.74030608
     136.9  -.73848256
     137.0  -.73666312
     137.1  -.73576280
     137.2  -.73395088
     137.3  -.73215136
     137.4  -.73035776
     137.5  -.72946408
     137.6  -.72768120
     137.7  -.72590752
     137.8  -.72502192
     137.9  -.72325936
     138.0  -.72149848
     138.1  -.72061208
     138.2  -.71887688
     138.3  -.71714360
     138.4  -.71627040
     138.5  -.71455216
     138.6  -.71281488
     138.7  -.71109808
     138.8  -.71024072
     138.9  -.70853272
     139.0  -.70683104
     139.1  -.70598176
     139.2  -.70428896
     139.3  -.70260224
     139.4  -.70176120
     139.5  -.70008352
     139.6  -.69841176
     139.7  -.69757776
     139.8  -.69591440
     139.9  -.69425848
     140.0  -.69260560
     140.1  -.69178152
     140.2  -.69014192
     140.3  -.68849992
     140.4  -.68768240
     140.5  -.68605192
     140.6  -.68442568
     140.7  -.68361440
     140.8  -.68199696
     140.9  -.68038096
     141.0  -.67957776
     141.1  -.67796944
     141.2  -.67636680
     141.3  -.67476440
     141.4  -.67396496
     141.5  -.67237512
     141.6  -.67079032
     141.7  -.66999176
     141.8  -.66840876
     141.9  -.66682432
     142.0  -.66603032
     142.1  -.66445724
     142.2  -.66287408
     142.3  -.66125596
     142.4  -.66053680
     142.5  -.65891560
     142.6  -.65737888
     142.7  -.65656444
     142.8  -.65506660
     142.9  -.65318432
     143.0  -.65261600
     143.1  -.65077976
     143.2  -.64825244
     143.3  -.64940904
     143.4  -.64752340
     143.5  -.64572088
     143.6  -.64378048
     143.7  -.64234680
     143.8  -.64144240
     143.9  -.64029260
     144.0  -.63905032
     144.1  -.63747360
     144.2  -.63516928
     144.3  -.63451504
     144.4  -.63137400
     144.5  -.63159396
     144.6  -.62940312
     144.7  -.62362740
     144.8  -.64290760
     144.9  -.63002088
     145.0  -.62749020
     145.1  -.62170392
     145.2  -.64409804
     145.3  -.62999440
     145.4  -.62319728
     145.5  -.62070712
     145.6  -.62358620
     145.7  -.61544848
     145.8  -.62258624
     145.9  -.61379076
     146.0  -.61926632
     146.1  -.62078928
     146.2  -.61888504
     146.3  -.63135632
     146.4  -.61638952
     146.5  -.61259576
     146.6  -.61201152
     146.7  -.60995352
     146.8  -.60792924
     146.9  -.60695840
     147.0  -.60509072
     147.1  -.60308820
     147.2  -.60209276
     147.3  -.59987476
     147.4  -.59812928
     147.5  -.59675368
     147.6  -.59640924
     147.7  -.59167524
     147.8  -.58943512
     147.9  -.58945660
     148.0  -.59418720
     148.1  -.57345448
     148.2  -.57429724
     148.3  -.57232168
     148.4  -.57467088
     148.5  -.57247648
     148.6  -.57391444
     148.7  -.56003552
     148.8  -.51234316
     148.9  -.74968072
     149.0  -.60492660
     149.1  -.58039600
     149.2  -.57155424
     149.3  -.53387600
     149.4  -.55988596
     149.5  -.72896304
     149.6  -.42631380
     149.7  -.69210400
     149.8  -.57393072
     149.9  -.61465432
     150.0  -.60721996
     150.1  -.59190600
     150.2  -.59249632
     150.3  -.58737340
     150.4  -.58396128
     150.5  -.58254124
     150.6  -.58003996
     150.7  -.57783696
     150.8  -.57674476
     150.9  -.57478208
     151.0  -.57287260
     151.1  -.57105724
     151.2  -.57015504
     151.3  -.56833360
     151.4  -.56669432
     151.5  -.56581544
     151.6  -.56417504
     151.7  -.56273324
     151.8  -.56212896
     151.9  -.56095752
     152.0  -.55959992
     152.1  -.55869476
     152.2  -.55652872
     152.3  -.55331800
     152.4  -.54469376
     152.5  -.51720176
     152.6  -.56278456
     152.7  -.55469208
     152.8  -.54953456
     152.9  -.54995196
     153.0  -.54839056
     153.1  -.53875952
     153.2  -.55030072
     153.3  -.55385100
     153.4  -.52819056
     153.5  -.52931880
     153.6  -.55714920
     153.7  -.55102676
     153.8  -.54961152
     153.9  -.54879024
     154.0  -.54731720
     154.1  -.54411432
     154.2  -.54126288
     154.3  -.54301048
     154.4  -.54189980
     154.5  -.54071296
     154.6  -.53932100
     154.7  -.53862120
     154.8  -.53732904
     154.9  -.53606160
     155.0  -.53485124
     155.1  -.53426008
     155.2  -.53307804
     155.3  -.53191752
     155.4  -.53134288
     155.5  -.53020488
     155.6  -.52908004
     155.7  -.52852200
     155.8  -.52741400
     155.9  -.52631544
     156.0  -.52576804
     156.1  -.52468952
     156.2  -.52361176
     156.3  -.52254032
     156.4  -.52201204
     156.5  -.52095328
     156.6  -.51989752
     156.7  -.51937960
     156.8  -.51834528
     156.9  -.51729380
     157.0  -.51678472
     157.1  -.51575640
     157.2  -.51473380
     157.3  -.51422640
     157.4  -.51320984
     157.5  -.51219872
     157.6  -.51119296
     157.7  -.51069024
     157.8  -.50968968
     157.9  -.50869460
     158.0  -.50820156
     158.1  -.50721496
     158.2  -.50622520
     158.3  -.50573560
     158.4  -.50476000
     158.5  -.50378512
     158.6  -.50327960
     158.7  -.50232088
     158.8  -.50135860
     158.9  -.50039436
     159.0  -.49991152
     159.1  -.49893088
     159.2  -.49813460
     159.3  -.49745272
     159.4  -.49669860
     159.5  -.49574280
     159.6  -.49522752
     159.7  -.49428032
     159.8  -.49340196
     159.9  -.49244224
     160.0  -.49202072
     160.1  -.49104980
     160.2  -.49011996
     160.3  -.48965816
     160.4  -.48873832
     160.5  -.48782264
     160.6  -.48736620
     160.7  -.48645568
     160.8  -.48554876
     160.9  -.48509640
     161.0  -.48419420
     161.1  -.48329524
     161.2  -.48239928
     161.3  -.48195248
     161.4  -.48106100
     161.5  -.48017272
     161.6  -.47972956
     161.7  -.47884564
     161.8  -.47796460
     161.9  -.47752516
     162.0  -.47664840
     162.1  -.47577456
     162.2  -.47533872
     162.3  -.47446904
     162.4  -.47360224
     162.5  -.47273820
     162.6  -.47230720
     162.7  -.47144728
     162.8  -.47059004
     162.9  -.47016248
     163.0  -.46930928
     163.1  -.46845888
     163.2  -.46803460
     163.3  -.46718808
     163.4  -.46634432
     163.5  -.46592328
     163.6  -.46508340
     163.7  -.46424604
     163.8  -.46341128
     163.9  -.46299484
     164.0  -.46216392
     164.1  -.46133544
     164.2  -.46092224
     164.3  -.46009768
     164.4  -.45927544
     164.5  -.45886544
     164.6  -.45804704
     164.7  -.45723120
     164.8  -.45682408
     164.9  -.45601180
     165.0  -.45520204
     165.1  -.45439472
     165.2  -.45399184
     165.3  -.45318808
     165.4  -.45238672
     165.5  -.45198688
     165.6  -.45118904
     165.7  -.45039360
     165.8  -.44999660
     165.9  -.44920472
     166.0  -.44841500
     166.1  -.44802112
     166.2  -.44723484
     166.3  -.44645040
     166.4  -.44566940
     166.5  -.44527968
     166.6  -.44450120
     166.7  -.44372560
     166.8  -.44333912
     166.9  -.44256528
     167.0  -.44179528
     167.1  -.44141112
     167.2  -.44064408
     167.3  -.43987920
     167.4  -.43949840
     167.5  -.43873632
     167.6  -.43797756
     167.7  -.43721844
     167.8  -.43684328
     167.9  -.43608976
     168.0  -.43533672
     168.1  -.43496156
     168.2  -.43421288
     168.3  -.43346640
     168.4  -.43309380
     168.5  -.43235056
     168.6  -.43160936
     168.7  -.43087008
     168.8  -.43050140
     168.9  -.42976528
     169.0  -.42903096
     169.1  -.42866500
     169.2  -.42793400
     169.3  -.42720540
     169.4  -.42684112
     169.5  -.42611580
     169.6  -.42539168
     169.7  -.42503080
     169.8  -.42431036
     169.9  -.42359080
     170.0  -.42287440
     170.1  -.42251684
     170.2  -.42180320
     170.3  -.42109124
     170.4  -.42073600
     170.5  -.42002700
     170.6  -.41931996
     170.7  -.41896596
     170.8  -.41826296
     170.9  -.41756096
     171.0  -.41721280
     171.1  -.41651192
     171.2  -.41581436
     171.3  -.41511876
     171.4  -.41477168
     171.5  -.41407900
     171.6  -.41338812
     171.7  -.41304340
     171.8  -.41235536
     171.9  -.41166920
     172.0  -.41132688
     172.1  -.41064344
     172.2  -.40996188
     172.3  -.40962184
     172.4  -.40894300
     172.5  -.40826604
     172.6  -.40759088
     172.7  -.40725400
     172.8  -.40658152
     172.9  -.40591088
     173.0  -.40557620
     173.1  -.40490816
     173.2  -.40424196
     173.3  -.40390944
     173.4  -.40324592
     173.5  -.40258408
     173.6  -.40225376
     173.7  -.40159472
     173.8  -.40093720
     173.9  -.40028152
     174.0  -.39995432
     174.1  -.39930112
     174.2  -.39864968
     174.3  -.39832464
     174.4  -.39767576
     174.5  -.39702872
     174.6  -.39670568
     174.7  -.39606104
     174.8  -.39541812
     174.9  -.39509728
     175.0  -.39445684
     175.1  -.39381812
     175.2  -.39318100
     175.3  -.39286304
     175.4  -.39222840
     175.5  -.39159544
     175.6  -.39127956
     175.7  -.39064904
     175.8  -.39002012
     175.9  -.38970628
     176.0  -.38907972
     176.1  -.38845488
     176.2  -.38783168
     176.3  -.38752056
     176.4  -.38689968
     176.5  -.38628036
     176.6  -.38597140
     176.7  -.38535444
     176.8  -.38473904
     176.9  -.38443200
     177.0  -.38381900
     177.1  -.38320752
     177.2  -.38290236
     177.3  -.38229324
     177.4  -.38168576
     177.5  -.38107964
     177.6  -.38077716
     177.7  -.38017340
     177.8  -.37957120
     177.9  -.37927064
     178.0  -.37867064
     178.1  -.37807204
     178.2  -.37777340
     178.3  -.37717712
     178.4  -.37658248
     178.5  -.37628552
     178.6  -.37569336
     178.7  -.37510164
     178.8  -.37451220
     178.9  -.37421832
     179.0  -.37363104
     179.1  -.37304420
     179.2  -.37275128
     179.3  -.37216724
     179.4  -.37158556
     179.5  -.37129360
     179.6  -.37071204
     179.7  -.37013128
     179.8  -.36985368
     179.9  -.36927112
     180.0  -.36869216
     180.1  -.36811984
     180.2  -.36784900
     180.3  -.36726124
     180.4  -.36669348
     180.5  -.36640764
     180.6  -.36583876
     180.7  -.36527012
     180.8  -.36499172
     180.9  -.36442004
     181.0  -.36385376
     181.1  -.36358224
     181.2  -.36300684
     181.3  -.36240256
     181.4  -.36191276
     181.5  -.36162596
     181.6  -.36104796
     181.7  -.36068648
     181.8  -.36027128
     181.9  -.35968160
     182.0  -.35919128
     182.1  -.35887696
     182.2  -.35830472
     182.3  -.35764552
     182.4  -.35750724
     182.5  -.35684724
     182.6  -.35639996
     182.7  -.35589264
     182.8  -.35558104
     182.9  -.35506072
     183.0  -.35452236
     183.1  -.35426912
     183.2  -.35371276
     183.3  -.35316848
     183.4  -.35289900
     183.5  -.35236048
     183.6  -.35182284
     183.7  -.35155488
     183.8  -.35102024
     183.9  -.35048596
     184.0  -.34995348
     184.1  -.34968780
     184.2  -.34915624
     184.3  -.34862636
     184.4  -.34836164
     184.5  -.34783936
     184.6  -.34730900
     184.7  -.34702356
     184.8  -.34650820
     184.9  -.34597472
     185.0  -.34543600
     185.1  -.34515224
     185.2  -.34461624
     185.3  -.34410404
     185.4  -.34394640
     185.5  -.34337356
     185.6  -.34290472
     185.7  -.34267688
     185.8  -.34251156
     185.9  -.34246256
     186.0  -.34245848
     186.1  -.34161112
     186.2  -.34070248
     186.3  -.34002516
     186.4  -.33964424
     186.5  -.33896152
     186.6  -.33884872
     186.7  -.33844788
     186.8  -.33776376
     186.9  -.33757880
     187.0  -.33694276
     187.1  -.33661724
     187.2  -.33605200
     187.3  -.33623172
     187.4  -.33489138
     187.5  -.33488640
     187.6  -.33463236
     187.7  -.33437750
     187.8  -.33384028
     187.9  -.33332388
     188.0  -.33306956
     188.1  -.33256578
     188.2  -.33206252
     188.3  -.33181400
     188.4  -.33131744
     188.5  -.33081498
     188.6  -.33057144
     188.7  -.33007856
     188.8  -.32959298
     188.9  -.32905396
     189.0  -.32882180
     189.1  -.32833690
     189.2  -.32785412
     189.3  -.32762852
     189.4  -.32718800
     189.5  -.32677704
     189.6  -.32657598
     189.7  -.32611102
     189.8  -.32560964
     189.9  -.32534144
     190.0  -.32475830
     190.1  -.32348788
     190.2  -.32405424
     190.3  -.32368256
     190.4  -.32303712
     190.5  -.32275012
     190.6  -.32194188
     190.7  -.32157520
     190.8  -.32341738
     190.9  -.32135910
     191.0  -.32126788
     191.1  -.32072998
     191.2  -.32046462
     191.3  -.31997520
     191.4  -.31949450
     191.5  -.31901552
     191.6  -.31877756
     191.7  -.31830822
     191.8  -.31784298
     191.9  -.31761170
     192.0  -.31715070
     192.1  -.31669304
     192.2  -.31646462
     192.3  -.31600976
     192.4  -.31555588
     192.5  -.31532952
     192.6  -.31487848
     192.7  -.31442844
     192.8  -.31397976
     192.9  -.31375598
     193.0  -.31330910
     193.1  -.31286340
     193.2  -.31264090
     193.3  -.31219690
     193.4  -.31175388
     193.5  -.31153276
     193.6  -.31109120
     193.7  -.31065044
     193.8  -.31021050
     193.9  -.30999064
     194.0  -.30955088
     194.1  -.30910950
     194.2  -.30888670
     194.3  -.30840948
     194.4  -.30807736
     194.5  -.30783900
     194.6  -.30738700
     194.7  -.30685636
     194.8  -.30679476
     194.9  -.30632648
     195.0  -.30587924
     195.1  -.30547498
     195.2  -.30523572
     195.3  -.30484152
     195.4  -.30447840
     195.5  -.30421556
     195.6  -.30378848
     195.7  -.30337500
     195.8  -.30316504
     195.9  -.30273610
     196.0  -.30231152
     196.1  -.30210088
     196.2  -.30167920
     196.3  -.30127202
     196.4  -.30086128
     196.5  -.30063856
     196.6  -.30021988
     196.7  -.29980744
     196.8  -.29960178
     196.9  -.29918410
     197.0  -.29877120
     197.1  -.29856500
     197.2  -.29815340
     197.3  -.29774276
     197.4  -.29753780
     197.5  -.29712870
     197.6  -.29672040
     197.7  -.29631312
     197.8  -.29610988
     197.9  -.29570390
     198.0  -.29529896
     198.1  -.29509672
     198.2  -.29469300
     198.3  -.29429020
     198.4  -.29408910
     198.5  -.29368762
     198.6  -.29328700
     198.7  -.29308700
     198.8  -.29268762
     198.9  -.29228916
     199.0  -.29189144
     199.1  -.29169296
     199.2  -.29129660
     199.3  -.29090076
     199.4  -.29070340
     199.5  -.29030912
     199.6  -.28991572
     199.7  -.28971936
     199.8  -.28932704
     199.9  -.28893528
     200.0  -.28873928
     200.1  -.28834536
     200.2  -.28795752
     200.3  -.28757612
     200.4  -.28738024
     200.5  -.28699280
     200.6  -.28660476
     200.7  -.28641330
     200.8  -.28602660
     200.9  -.28564502
     201.0  -.28545252
     201.1  -.28506920
     201.2  -.28468644
     201.3  -.28430456
     201.4  -.28411390
     201.5  -.28373338
     201.6  -.28335340
     201.7  -.28316380
     201.8  -.28278512
     201.9  -.28240722
     202.0  -.28221850
     202.1  -.28184178
     202.2  -.28146572
     202.3  -.28127802
     202.4  -.28090312
     202.5  -.28052900
     202.6  -.28015556
     202.7  -.27996912
     202.8  -.27959684
     202.9  -.27922520
     203.0  -.27903964
     203.1  -.27866916
     203.2  -.27829936
     203.3  -.27811470
     203.4  -.27774596
     203.5  -.27737788
     203.6  -.27719402
     203.7  -.27682702
     203.8  -.27646060
     203.9  -.27609496
     204.0  -.27591224
     204.1  -.27554748
     204.2  -.27518330
     204.3  -.27500150
     204.4  -.27463828
     204.5  -.27427562
     204.6  -.27409452
     204.7  -.27373278
     204.8  -.27337156
     204.9  -.27319112
     205.0  -.27283050
     205.1  -.27247072
     205.2  -.27211084
     205.3  -.27193048
     205.4  -.27157224
     205.5  -.27121410
     205.6  -.27103464
     205.7  -.27067580
     205.8  -.27032170
     205.9  -.27013880
     206.0  -.26977950
     206.1  -.26942836
     206.2  -.26924752
     206.3  -.26889500
     206.4  -.26849078
     206.5  -.26816496
     206.6  -.26796872
     206.7  -.26763004
     206.8  -.26727660
     206.9  -.26708324
     207.0  -.26672080
     207.1  -.26629156
     207.2  -.26613916
     207.3  -.26590880
     207.4  -.26553712
     207.5  -.26530940
     207.6  -.26490328
     207.7  -.26472778
     207.8  -.26401540
     207.9  -.26399840
     208.0  -.26287112
     208.1  -.26338110
     208.2  -.26370700
     208.3  -.26269604
     208.4  -.26290956
     208.5  -.26309080
     208.6  -.26711924
     208.7  -.25905122
     208.8  -.25875656
     208.9  -.26290088
     209.0  -.26120118
     209.1  -.26013702
     209.2  -.26218038
     209.3  -.25991520
     209.4  -.26375936
     209.5  -.25959836
     209.6  -.26068882
     209.7  -.25993102
     209.8  -.25966748
     209.9  -.25921382
     210.0  -.25880804
     210.1  -.25842678
     210.2  -.25824200
     210.3  -.25788060
     210.4  -.25752712
     210.5  -.25735272
     210.6  -.25700748
     210.7  -.25666622
     210.8  -.25649680
     210.9  -.25616002
     211.0  -.25582578
     211.1  -.25565940
     211.2  -.25532816
     211.3  -.25499856
     211.4  -.25467056
     211.5  -.25450704
     211.6  -.25418112
     211.7  -.25385644
     211.8  -.25369456
     211.9  -.25337152
     212.0  -.25304960
     212.1  -.25288902
     212.2  -.25256852
     212.3  -.25224900
     212.4  -.25208962
     212.5  -.25177144
     212.6  -.25145412
     212.7  -.25113762
     212.8  -.25097964
     212.9  -.25066436
     213.0  -.25034984
     213.1  -.25019290
     213.2  -.24987952
     213.3  -.24956688
     213.4  -.24941084
     213.5  -.24909924
     213.6  -.24878844
     213.7  -.24863328
     213.8  -.24832348
     213.9  -.24801436
     214.0  -.24770596
     214.1  -.24755196
     214.2  -.24724456
     214.3  -.24693778
     214.4  -.24678464
     214.5  -.24647888
     214.6  -.24617368
     214.7  -.24602140
     214.8  -.24571720
     214.9  -.24541360
     215.0  -.24526210
     215.1  -.24495950
     215.2  -.24465750
     215.3  -.24435610
     215.4  -.24420564
     215.5  -.24390522
     215.6  -.24360536
     215.7  -.24345564
     215.8  -.24315672
     215.9  -.24285836
     216.0  -.24270940
     216.1  -.24241196
     216.2  -.24211512
     216.3  -.24196696
     216.4  -.24167096
     216.5  -.24137556
     216.6  -.24108078
     216.7  -.24093360
     216.8  -.24063964
     216.9  -.24034624
     217.0  -.24019982
     217.1  -.23990728
     217.2  -.23961536
     217.3  -.23946962
     217.4  -.23917850
     217.5  -.23888804
     217.6  -.23874296
     217.7  -.23845310
     217.8  -.23816440
     217.9  -.23787560
     218.0  -.23773108
     218.1  -.23744410
     218.2  -.23715664
     218.3  -.23701378
     218.4  -.23672710
     218.5  -.23644118
     218.6  -.23629770
     218.7  -.23601364
     218.8  -.23572978
     218.9  -.23544530
     219.0  -.23530422
     219.1  -.23502060
     219.2  -.23473820
     219.3  -.23459710
     219.4  -.23431540
     219.5  -.23403416
     219.6  -.23389372
     219.7  -.23361330
     219.8  -.23333340
     219.9  -.23319368
     220.0  -.23291456
     220.1  -.23263602
     220.2  -.23235800
     220.3  -.23221916
     220.4  -.23194190
     220.5  -.23166516
     220.6  -.23152698
     220.7  -.23125102
     220.8  -.23097556
     220.9  -.23083804
     221.0  -.23056336
     221.1  -.23028916
     221.2  -.23015230
     221.3  -.22987882
     221.4  -.22960588
     221.5  -.22933360
     221.6  -.22919762
     221.7  -.22892598
     221.8  -.22865470
     221.9  -.22851916
     222.0  -.22824904
     222.1  -.22797930
     222.2  -.22784444
     222.3  -.22757516
     222.4  -.22730618
     222.5  -.22717248
     222.6  -.22690610
     222.7  -.22664220
     222.8  -.22637684
     222.9  -.22624228
     223.0  -.22597340
     223.1  -.22570648
     223.2  -.22557340
     223.3  -.22530742
     223.4  -.22503368
     223.5  -.22491520
     223.6  -.22464868
     223.7  -.22438402
     223.8  -.22424864
     223.9  -.22398960
     224.0  -.22372988
     224.1  -.22346970
     224.2  -.22333108
     224.3  -.22308136
     224.4  -.22281730
     224.5  -.22268762
     224.6  -.22242758
     224.7  -.22216810
     224.8  -.22203856
     224.9  -.22177984
     225.0  -.22152172
     225.1  -.22139280
     225.2  -.22113540
     225.3  -.22087844
     225.4  -.22062198
     225.5  -.22049392
     225.6  -.22023810
     225.7  -.21998280
     225.8  -.21985528
     225.9  -.21960056
     226.0  -.21934640
     226.1  -.21922030
     226.2  -.21896570
     226.3  -.21871284
     226.4  -.21858760
     226.5  -.21833302
     226.6  -.21808204
     226.7  -.21783110
     226.8  -.21770622
     226.9  -.21745870
     227.0  -.21721610
     227.1  -.21709260
     227.2  -.21684020
     227.3  -.21658628
     227.4  -.21646032
     227.5  -.21620916
     227.6  -.21596572
     227.7  -.21571556
     227.8  -.21558810
     227.9  -.21534596
     228.0  -.21510038
     228.1  -.21499880
     228.2  -.21473008
     228.3  -.21448408
     228.4  -.21436844
     228.5  -.21411996
     228.6  -.21387522
     228.7  -.21375296
     228.8  -.21350890
     228.9  -.21326540
     229.0  -.21302244
     229.1  -.21290112
     229.2  -.21265882
     229.3  -.21241702
     229.4  -.21229628
     229.5  -.21205512
     229.6  -.21181444
     229.7  -.21169422
     229.8  -.21145412
     229.9  -.21121452
     230.0  -.21109484
     230.1  -.21085584
     230.2  -.21061728
     230.3  -.21037904
     230.4  -.21026016
     230.5  -.21002258
     230.6  -.20978544
     230.7  -.20966712
     230.8  -.20943078
     230.9  -.20919510
     231.0  -.20907750
     231.1  -.20884238
     231.2  -.20860720
     231.3  -.20848968
     231.4  -.20825498
     231.5  -.20802040
     231.6  -.20778318
     231.7  -.20767374
     231.8  -.20743826
     231.9  -.20720478
     232.0  -.20708702
     232.1  -.20685652
     232.2  -.20662632
     232.3  -.20650602
     232.4  -.20627444
     232.5  -.20605076
     232.6  -.20593836
     232.7  -.20570450
     232.8  -.20547482
     232.9  -.20524576
     233.0  -.20513132
     233.1  -.20490264
     233.2  -.20467440
     233.3  -.20456044
     233.4  -.20433284
     233.5  -.20410562
     233.6  -.20399218
     233.7  -.20376556
     233.8  -.20353930
     233.9  -.20342638
     234.0  -.20320070
     234.1  -.20297548
     234.2  -.20275062
     234.3  -.20263836
     234.4  -.20241408
     234.5  -.20219018
     234.6  -.20207840
     234.7  -.20185510
     234.8  -.20163216
     234.9  -.20152082
     235.0  -.20129844
     235.1  -.20107648
     235.2  -.20085486
     235.3  -.20074420
     235.4  -.20052320
     235.5  -.20030256
     235.6  -.20019236
     235.7  -.19997226
     235.8  -.19975252
     235.9  -.19964282
     236.0  -.19942368
     236.1  -.19920486
     236.2  -.19909562
     236.3  -.19887738
     236.4  -.19865952
     236.5  -.19844202
     236.6  -.19833338
     236.7  -.19811642
     236.8  -.19790022
     236.9  -.19779212
     237.0  -.19757578
     237.1  -.19735986
     237.2  -.19725262
     237.3  -.19703762
     237.4  -.19682264
     237.5  -.19671538
     237.6  -.19650110
     237.7  -.19628676
     237.8  -.19607376
     237.9  -.19596778
     238.0  -.19575418
     238.1  -.19554172
     238.2  -.19543556
     238.3  -.19522344
     238.4  -.19501174
     238.5  -.19490602
     238.6  -.19469484
     238.7  -.19448400
     238.8  -.19437874
     238.9  -.19416844
     239.0  -.19395850
     239.1  -.19374888
     239.2  -.19364422
     239.3  -.19343514
     239.4  -.19322638
     239.5  -.19312218
     239.6  -.19291394
     239.7  -.19270612
     239.8  -.19260232
     239.9  -.19239492
     240.0  -.19218798
     240.1  -.19208452
     240.2  -.19187806
     240.3  -.19167190
     240.4  -.19146608
     240.5  -.19136330
     240.6  -.19115798
     240.7  -.19095302
     240.8  -.19085068
     240.9  -.19064618
     241.0  -.19044206
     241.1  -.19034012
     241.2  -.19013644
     241.3  -.18993318
     241.4  -.18983164
     241.5  -.18962882
     241.6  -.18942638
     241.7  -.18922418
     241.8  -.18912320
     241.9  -.18892152
     242.0  -.18872016
     242.1  -.18861962
     242.2  -.18841858
     242.3  -.18821832
     242.4  -.18811768
     242.5  -.18791794
     242.6  -.18771844
     242.7  -.18761838
     242.8  -.18741930
     242.9  -.18722160
     243.0  -.18702190
     243.1  -.18692106
     243.2  -.18671982
     243.3  -.18652688
     243.4  -.18642872
     243.5  -.18622802
     243.6  -.18603188
     243.7  -.18593206
     243.8  -.18573656
     243.9  -.18554274
     244.0  -.18534368
     244.1  -.18525314
     244.2  -.18504998
     244.3  -.18485148
     244.4  -.18476312
     244.5  -.18455952
     244.6  -.18437438
     244.7  -.18431304
     244.8  -.18407608
     244.9  -.18390024
     245.0  -.18387868
     245.1  -.18358010
     245.2  -.18340036
     245.3  -.18321252
     245.4  -.18311608
     245.5  -.18290712
     245.6  -.18272764
     245.7  -.18263970
     245.8  -.18246688
     245.9  -.18221056
     246.0  -.18228722
     246.1  -.18199280
     246.2  -.18180804
     246.3  -.18170838
     246.4  -.18151340
     246.5  -.18132124
     246.6  -.18113064
     246.7  -.18102936
     246.8  -.18084722
     246.9  -.18065562
     247.0  -.18055794
     247.1  -.18037356
     247.2  -.18018216
     247.3  -.18010482
     247.4  -.17990212
     247.5  -.17970626
     247.6  -.17962044
     247.7  -.17941658
     247.8  -.17924736
     247.9  -.17894218
     248.0  -.17895278
     248.1  -.17878778
     248.2  -.17862216
     248.3  -.17854142
     248.4  -.17835438
     248.5  -.17815660
     248.6  -.17806374
     248.7  -.17785984
     248.8  -.17767216
     248.9  -.17764338
     249.0  -.17746644
     249.1  -.17721438
     249.2  -.17708628
     249.3  -.17698800
     249.4  -.17679884
     249.5  -.17661336
     249.6  -.17652132
     249.7  -.17633804
     249.8  -.17615564
     249.9  -.17606468
     250.0  -.17588318
     250.1  -.17570218
     250.2  -.17561184
     250.3  -.17543142
     250.4  -.17525144
     250.5  -.17507178
     250.6  -.17498204
     250.7  -.17480288
     250.8  -.17462408
     250.9  -.17453478
     251.0  -.17435644
     251.1  -.17417840
     251.2  -.17408950
     251.3  -.17391194
     251.4  -.17373464
     251.5  -.17364610
     251.6  -.17346924
     251.7  -.17329268
     251.8  -.17311644
     251.9  -.17302842
     252.0  -.17285260
     252.1  -.17267702
     252.2  -.17258936
     252.3  -.17241424
     252.4  -.17223938
     252.5  -.17215206
     252.6  -.17197764
     252.7  -.17180350
     252.8  -.17162962
     252.9  -.17154282
     253.0  -.17136936
     253.1  -.17119616
     253.2  -.17110964
     253.3  -.17093688
     253.4  -.17076438
     253.5  -.17067824
     253.6  -.17050618
     253.7  -.17033436
     253.8  -.17024852
     253.9  -.17007710
     254.0  -.16990590
     254.1  -.16973502
     254.2  -.16964972
     254.3  -.16947920
     254.4  -.16930900
     254.5  -.16922400
     254.6  -.16905414
     254.7  -.16888460
     254.8  -.16879992
     254.9  -.16863076
     255.0  -.16846188
     255.1  -.16837750
     255.2  -.16820898
     255.3  -.16804078
     255.4  -.16787278
     255.5  -.16778888
     255.6  -.16762126
     255.7  -.16745392
     255.8  -.16737038
     255.9  -.16720340
     256.0  -.16703672
     256.1  -.16695344
     256.2  -.16678712
     256.3  -.16662108
     256.4  -.16653814
     256.5  -.16637250
     256.6  -.16620706
     256.7  -.16604188
     256.8  -.16595940
     256.9  -.16579462
     257.0  -.16563012
     257.1  -.16554790
     257.2  -.16538376
     257.3  -.16521988
     257.4  -.16513800
     257.5  -.16497450
     257.6  -.16481118
     257.7  -.16472968
     257.8  -.16456678
     257.9  -.16440408
     258.0  -.16424170
     258.1  -.16416056
     258.2  -.16399852
     258.3  -.16383674
     258.4  -.16375596
     258.5  -.16359452
     258.6  -.16343336
     258.7  -.16335282
     258.8  -.16319202
     258.9  -.16303144
     259.0  -.16295126
     259.1  -.16279106
     259.2  -.16263108
     259.3  -.16247140
     259.4  -.16239160
     259.5  -.16223224
     259.6  -.16207314
     259.7  -.16199368
     259.8  -.16183494
     259.9  -.16167640
     260.0  -.16159722
     260.1  -.16143906
     260.2  -.16128116
     260.3  -.16120226
     260.4  -.16104470
     260.5  -.16088738
     260.6  -.16073028
     260.7  -.16065186
     260.8  -.16049510
     260.9  -.16033862
     261.0  -.16026044
     261.1  -.16010430
     261.2  -.15994836
     261.3  -.15987050
     261.4  -.15971496
     261.5  -.15955962
     261.6  -.15940452
     261.7  -.15932706
     261.8  -.15917228
     261.9  -.15901778
     262.0  -.15894058
     262.1  -.15878640
     262.2  -.15863248
     262.3  -.15855560
     262.4  -.15840198
     262.5  -.15824862
     262.6  -.15817202
     262.7  -.15801900
     262.8  -.15786620
     262.9  -.15771362
     263.0  -.15763740
     263.1  -.15748518
     263.2  -.15733316
     263.3  -.15725726
     263.4  -.15710556
     263.5  -.15695412
     263.6  -.15687848
     263.7  -.15672736
     263.8  -.15657650
     263.9  -.15650112
     264.0  -.15635060
     264.1  -.15620026
     264.2  -.15605012
     264.3  -.15597518
     264.4  -.15582540
     264.5  -.15567582
     264.6  -.15560112
     264.7  -.15545190
     264.8  -.15530290
     264.9  -.15522850
     265.0  -.15507982
     265.1  -.15493138
     265.2  -.15485720
     265.3  -.15470910
     265.4  -.15456120
     265.5  -.15441352
     265.6  -.15433972
     265.7  -.15419238
     265.8  -.15404520
     265.9  -.15397170
     266.0  -.15382490
     266.1  -.15367828
     266.2  -.15360506
     266.3  -.15345874
     266.4  -.15331268
     266.5  -.15323972
     266.6  -.15309398
     266.7  -.15294840
     266.8  -.15280306
     266.9  -.15273052
     267.0  -.15258550
     267.1  -.15244068
     267.2  -.15236836
     267.3  -.15222388
     267.4  -.15207960
     267.5  -.15200752
     267.6  -.15186358
     267.7  -.15171982
     267.8  -.15164806
     267.9  -.15150458
     268.0  -.15136136
     268.1  -.15121836
     268.2  -.15114688
     268.3  -.15100420
     268.4  -.15086170
     268.5  -.15079050
     268.6  -.15064832
     268.7  -.15050632
     268.8  -.15043544
     268.9  -.15029372
     269.0  -.15015226
     269.1  -.15001096
     269.2  -.14994040
     269.3  -.14979946
     269.4  -.14965870
     269.5  -.14958838
     269.6  -.14944794
     269.7  -.14930768
     269.8  -.14923762
     269.9  -.14909768
     270.0  -.14895790
     270.1  -.14888812
     270.2  -.14874864
     270.3  -.14860940
     270.4  -.14847040
     270.5  -.14840090
     270.6  -.14826216
     270.7  -.14812362
     270.8  -.14805440
     270.9  -.14791612
     271.0  -.14777810
     271.1  -.14770912
     271.2  -.14757140
     271.3  -.14743386
     271.4  -.14736510
     271.5  -.14722786
     271.6  -.14709076
     271.7  -.14695392
     271.8  -.14688556
     271.9  -.14674898
     272.0  -.14661258
     272.1  -.14654446
     272.2  -.14640836
     272.3  -.14627246
     272.4  -.14620456
     272.5  -.14606898
     272.6  -.14593356
     272.7  -.14586590
     272.8  -.14573076
     272.9  -.14559586
     273.0  -.14546112
     273.1  -.14539376
     273.2  -.14525932
     273.3  -.14512510
     273.4  -.14505800
     273.5  -.14492402
     273.6  -.14479020
     273.7  -.14472340
     273.8  -.14458990
     273.9  -.14445656
     274.0  -.14438998
     274.1  -.14425694
     274.2  -.14412408
     274.3  -.14399140
     274.4  -.14392518
     274.5  -.14379276
     274.6  -.14366056
     274.7  -.14359456
     274.8  -.14346264
     274.9  -.14333090
     275.0  -.14326512
     275.1  -.14313366
     275.2  -.14300238
     275.3  -.14293682
     275.4  -.14280582
     275.5  -.14267502
     275.6  -.14254440
     275.7  -.14247916
     275.8  -.14234878
     275.9  -.14221864
     276.0  -.14215362
     276.1  -.14202374
     276.2  -.14189406
     276.3  -.14182924
     276.4  -.14169982
     276.5  -.14157056
     276.6  -.14150600
     276.7  -.14137698
     276.8  -.14124820
     276.9  -.14111956
     277.0  -.14105532
     277.1  -.14092698
     277.2  -.14079878
     277.3  -.14073476
     277.4  -.14060682
     277.5  -.14047910
     277.6  -.14041532
     277.7  -.14028788
     277.8  -.14016056
     277.9  -.14003344
     278.0  -.13996994
     278.1  -.13984312
     278.2  -.13971642
     278.3  -.13965314
     278.4  -.13952676
     278.5  -.13940050
     278.6  -.13933750
     278.7  -.13921150
     278.8  -.13908570
     278.9  -.13902288
     279.0  -.13889736
     279.1  -.13877200
     279.2  -.13864678
     279.3  -.13858428
     279.4  -.13845936
     279.5  -.13833458
     279.6  -.13827226
     279.7  -.13814776
     279.8  -.13802344
     279.9  -.13796132
     280.0  -.13783722
     280.1  -.13771336
     280.2  -.13765148
     280.3  -.13752782
     280.4  -.13740416
     280.5  -.13728102
     280.6  -.13721950
     280.7  -.13709620
     280.8  -.13697350
     280.9  -.13691218
     281.0  -.13678962
     281.1  -.13666724
     281.2  -.13660608
     281.3  -.13648382
     281.4  -.13636172
     281.5  -.13630070
     281.6  -.13617902
     281.7  -.13605752
     281.8  -.13593512
     281.9  -.13587588
     282.0  -.13575406
     282.1  -.13563312
     282.2  -.13557264
     282.3  -.13545180
     282.4  -.13533116
     282.5  -.13527088
     282.6  -.13515050
     282.7  -.13503026
     282.8  -.13497020
     282.9  -.13485020
     283.0  -.13473040
     283.1  -.13461070
     283.2  -.13455096
     283.3  -.13443150
     283.4  -.13431216
     283.5  -.13425270
     283.6  -.13413364
     283.7  -.13401470
     283.8  -.13395542
     283.9  -.13383674
     284.0  -.13371662
     284.1  -.13365908
     284.2  -.13354122
     284.3  -.13342296
     284.4  -.13330420
     284.5  -.13324596
     284.6  -.13312928
     284.7  -.13301008
     284.8  -.13295206
     284.9  -.13283544
     285.0  -.13271870
     285.1  -.13266022
     285.2  -.13254316
     285.3  -.13242622
     285.4  -.13236712
     285.5  -.13224962
     285.6  -.13213502
     285.7  -.13202310
     285.8  -.13196446
     285.9  -.13184650
     286.0  -.13173042
     286.1  -.13167252
     286.2  -.13155686
     286.3  -.13144142
     286.4  -.13138378
     286.5  -.13126862
     286.6  -.13115360
     286.7  -.13103872
     286.8  -.13098136
     286.9  -.13086676
     287.0  -.13075230
     287.1  -.13069512
     287.2  -.13058088
     287.3  -.13046682
     287.4  -.13040972
     287.5  -.13029602
     287.6  -.13018226
     287.7  -.13012554
     287.8  -.13001186
     287.9  -.12989882
     288.0  -.12978436
     288.1  -.12972882
     288.2  -.12961622
     288.3  -.12950364
     288.4  -.12944742
     288.5  -.12933490
     288.6  -.12922240
     288.7  -.12916614
     288.8  -.12905372
     288.9  -.12894156
     289.0  -.12888612
     289.1  -.12877466
     289.2  -.12866228
     289.3  -.12855150
     289.4  -.12849574
     289.5  -.12838440
     289.6  -.12827320
     289.7  -.12821764
     289.8  -.12810674
     289.9  -.12799596
     290.0  -.12794062
     290.1  -.12783008
     290.2  -.12771964
     290.3  -.12766450
     290.4  -.12755434
     290.5  -.12744426
     290.6  -.12733440
     290.7  -.12727952
     290.8  -.12716984
     290.9  -.12706030
     291.0  -.12700560
     291.1  -.12689626
     291.2  -.12678710
     291.3  -.12673260
     291.4  -.12662364
     291.5  -.12651482
     291.6  -.12646046
     291.7  -.12635190
     291.8  -.12624340
     291.9  -.12613512
     292.0  -.12608102
     292.1  -.12597290
     292.2  -.12586500
     292.3  -.12581106
     292.4  -.12570332
     292.5  -.12559570
     292.6  -.12554200
     292.7  -.12543458
     292.8  -.12532736
     292.9  -.12527376
     293.0  -.12516672
     293.1  -.12505982
     293.2  -.12495306
     293.3  -.12489976
     293.4  -.12479320
     293.5  -.12468678
     293.6  -.12463360
     293.7  -.12452740
     293.8  -.12442138
     293.9  -.12436836
     294.0  -.12426254
     294.1  -.12415680
     294.2  -.12405122
     294.3  -.12399850
     294.4  -.12389312
     294.5  -.12378790
     294.6  -.12373532
     294.7  -.12363028
     294.8  -.12352540
     294.9  -.12347298
     295.0  -.12336826
     295.1  -.12326374
     295.2  -.12321150
     295.3  -.12310716
     295.4  -.12300292
     295.5  -.12289886
     295.6  -.12284684
     295.7  -.12274298
     295.8  -.12263920
     295.9  -.12258740
     296.0  -.12248386
     296.1  -.12238042
     296.2  -.12232880
     296.3  -.12222556
     296.4  -.12212250
     296.5  -.12207100
     296.6  -.12196810
     296.7  -.12186538
     296.8  -.12176276
     296.9  -.12171150
     297.0  -.12160908
     297.1  -.12150678
     297.2  -.12145568
     297.3  -.12135362
     297.4  -.12125164
     297.5  -.12120070
     297.6  -.12109896
     297.7  -.12099732
     297.8  -.12094656
     297.9  -.12084512
     298.0  -.12074380
     298.1  -.12064262
     298.2  -.12059210
     298.3  -.12049112
     298.4  -.12039024
     298.5  -.12033986
     298.6  -.12023918
     298.7  -.12013870
     298.8  -.12008844
     298.9  -.11998812
     299.0  -.11988790
     299.1  -.11983788
     299.2  -.11973782
     299.3  -.11963796
     299.4  -.11953820
     299.5  -.11948836
     299.6  -.11938876
     299.7  -.11928932
     299.8  -.11923966
     299.9  -.11914040
     300.0  -.11904126