      15.0   21.505037
      15.1   21.505041
      15.2   21.505045
      15.3   21.505049
      15.4   21.505053
      15.5   21.505058
      15.6   21.505062
      15.7   21.505066
      15.8   21.505070
      15.9   21.505074
      16.0   21.505079
      16.1   21.505083
      16.2   21.505087
      16.3   21.505092
      16.4   21.505096
      16.5   21.505101
      16.6   21.505105
      16.7   21.505109
      16.8   21.505114
      16.9   21.505118
      17.0   21.505123
      17.1   21.505128
      17.2   21.505132
      17.3   21.505137
      17.4   21.505142
      17.5   21.505146
      17.6   21.505151
      17.7   21.505156
      17.8   21.505160
      17.9   21.505165
      18.0   21.505170
      18.1   21.505175
      18.2   21.505180
      18.3   21.505185
      18.4   21.505190
      18.5   21.505195
      18.6   21.505200
      18.7   21.505205
      18.8   21.505210
      18.9   21.505215
      19.0   21.505220
      19.1   21.505225
      19.2   21.505230
      19.3   21.505235
      19.4   21.505240
      19.5   21.505246
      19.6   21.493041
      19.7   21.515378
      19.8   21.490890
      19.9   21.517959
      20.0   21.472697
      20.1   21.434321
      20.2   21.470252
      20.3   21.526899
      20.4   21.469191
      20.5   21.483940
      20.6   21.465042
      20.7   21.478261
      20.8   21.484707
      20.9   21.474054
      21.0   21.479624
      21.1   21.483235
      21.2   21.480450
      21.3   21.481728
      21.4   21.482664
      21.5   21.482595
      21.6   21.477807
      21.7   21.482431
      21.8   21.483538
      21.9   21.483710
      22.0   21.484176
      22.1   21.484058
      22.2   21.484775
      22.3   21.484554
      22.4   21.484757
      22.5   21.484854
      22.6   21.484947
      22.7   21.485126
      22.8   21.485256
      22.9   21.485432
      23.0   21.485485
      23.1   21.485622
      23.2   21.485732
      23.3   21.485835
      23.4   21.485888
      23.5   21.485979
      23.6   21.486067
      23.7   21.486113
      23.8   21.486181
      23.9   21.486258
      24.0   21.486297
      24.1   21.486363
      24.2   21.486428
      24.3   21.486487
      24.4   21.486519
      24.5   21.486574
      24.6   21.486628
      24.7   21.486658
      24.8   21.486707
      24.9   21.486754
      25.0   21.486781
      25.1   21.486826
      25.2   21.486869
      25.3   21.486893
      25.4   21.486934
      25.5   21.486973
      25.6   21.487011
      25.7   21.487033
      25.8   21.487069
      25.9   21.487103
      26.0   21.487124
      26.1   21.487157
      26.2   21.487190
      26.3   21.487209
      26.4   21.487240
      26.5   21.487270
      26.6   21.487289
      26.7   21.487318
      26.8   21.487346
      26.9   21.487374
      27.0   21.487391
      27.1   21.487418
      27.2   21.487444
      27.3   21.487461
      27.4   21.487486
      27.5   21.487511
      27.6   21.487527
      27.7   21.487551
      27.8   21.487575
      27.9   21.487590
      28.0   21.487613
      28.1   21.487636
      28.2   21.487659
      28.3   21.487673
      28.4   21.487696
      28.5   21.487714
      28.6   21.487730
      28.7   21.487751
      28.8   21.487772
      28.9   21.487788
      29.0   21.487807
      29.1   21.487826
      29.2   21.487842
      29.3   21.487861
      29.4   21.487875
      29.5   21.487898
      29.6   21.487911
      29.7   21.487930
      29.8   21.487949
      29.9   21.487962
      30.0   21.487981
      30.1   21.487999
      30.2   21.488012
      30.3   21.488031
      30.4   21.488049
      30.5   21.488061
      30.6   21.488079
      30.7   21.488097
      30.8   21.488114
      30.9   21.488127
      31.0   21.488144
      31.1   21.488161
      31.2   21.488173
      31.3   21.488190
      31.4   21.488207
      31.5   21.488220
      31.6   21.488241
      31.7   21.488252
      31.8   21.488265
      31.9   21.488281
      32.0   21.488295
      32.1   21.488315
      32.2   21.488324
      32.3   21.488339
      32.4   21.488356
      32.5   21.488374
      32.6   21.488385
      32.7   21.488401
      32.8   21.488413
      32.9   21.488430
      33.0   21.488446
      33.1   21.488461
      33.2   21.488474
      33.3   21.488489
      33.4   21.488505
      33.5   21.488517
      33.6   21.488533
      33.7   21.488548
      33.8   21.488560
      33.9   21.488576
      34.0   21.488591
      34.1   21.488603
      34.2   21.488619
      34.3   21.488634
      34.4   21.488649
      34.5   21.488662
      34.6   21.488677
      34.7   21.488692
      34.8   21.488704
      34.9   21.488720
      35.0   21.488735
      35.1   21.488747
      35.2   21.488762
      35.3   21.488777
      35.4   21.488790
      35.5   21.488805
      35.6   21.488820
      35.7   21.488835
      35.8   21.488847
      35.9   21.488862
      36.0   21.488877
      36.1   21.488890
      36.2   21.488905
      36.3   21.488920
      36.4   21.488932
      36.5   21.488948
      36.6   21.488963
      36.7   21.488975
      36.8   21.488990
      36.9   21.489005
      37.0   21.489020
      37.1   21.489033
      37.2   21.489048
      37.3   21.489063
      37.4   21.489076
      37.5   21.489091
      37.6   21.489106
      37.7   21.489119
      37.8   21.489134
      37.9   21.489149
      38.0   21.489162
      38.1   21.489177
      38.2   21.489192
      38.3   21.489207
      38.4   21.489220
      38.5   21.489236
      38.6   21.489251
      38.7   21.489264
      38.8   21.489279
      38.9   21.489294
      39.0   21.489307
      39.1   21.489323
      39.2   21.489338
      39.3   21.489351
      39.4   21.489366
      39.5   21.489382
      39.6   21.489397
      39.7   21.489411
      39.8   21.489426
      39.9   21.489442
      40.0   21.489455
      40.1   21.489470
      40.2   21.489486
      40.3   21.489499
      40.4   21.489515
      40.5   21.489531
      40.6   21.489544
      40.7   21.489560
      40.8   21.489576
      40.9   21.489592
      41.0   21.489605
      41.1   21.489621
      41.2   21.489637
      41.3   21.489650
      41.4   21.489666
      41.5   21.489682
      41.6   21.489696
      41.7   21.489712
      41.8   21.489728
      41.9   21.489744
      42.0   21.489758
      42.1   21.489774
      42.2   21.489791
      42.3   21.489804
      42.4   21.489821
      42.5   21.489837
      42.6   21.489851
      42.7   21.489868
      42.8   21.489884
      42.9   21.489898
      43.0   21.489915
      43.1   21.489931
      43.2   21.489948
      43.3   21.489962
      43.4   21.489979
      43.5   21.489996
      43.6   21.490010
      43.7   21.490027
      43.8   21.490044
      43.9   21.490058
      44.0   21.490075
      44.1   21.490092
      44.2   21.490107
      44.3   21.490124
      44.4   21.490141
      44.5   21.490158
      44.6   21.490173
      44.7   21.490190
      44.8   21.490208
      44.9   21.490222
      45.0   21.490240
      45.1   21.490257
      45.2   21.490272
      45.3   21.490290
      45.4   21.490308
      45.5   21.490323
      45.6   21.490340
      45.7   21.490358
      45.8   21.490376
      45.9   21.490391
      46.0   21.490409
      46.1   21.490427
      46.2   21.490443
      46.3   21.490461
      46.4   21.490479
      46.5   21.490495
      46.6   21.490513
      46.7   21.490531
      46.8   21.490547
      46.9   21.490565
      47.0   21.490584
      47.1   21.490603
      47.2   21.490618
      47.3   21.490637
      47.4   21.490656
      47.5   21.490672
      47.6   21.490691
      47.7   21.490710
      47.8   21.490726
      47.9   21.490745
      48.0   21.490765
      48.1   21.490781
      48.2   21.490800
      48.3   21.490820
      48.4   21.490839
      48.5   21.490855
      48.6   21.490875
      48.7   21.490895
      48.8   21.490911
      48.9   21.490931
      49.0   21.490951
      49.1   21.490968
      49.2   21.490988
      49.3   21.491008
      49.4   21.491029
      49.5   21.491046
      49.6   21.491066
      49.7   21.491087
      49.8   21.491104
      49.9   21.491125
      50.0   21.491145
      50.1   21.491163
      50.2   21.491184
      50.3   21.491205
      50.4   21.491222
      50.5   21.491243
      50.6   21.491265
      50.7   21.491286
      50.8   21.491304
      50.9   21.491326
      51.0   21.491347
      51.1   21.491365
      51.2   21.491387
      51.3   21.491409
      51.4   21.491427
      51.5   21.491449
      51.6   21.491472
      51.7   21.491490
      51.8   21.491513
      51.9   21.491535
      52.0   21.491558
      52.1   21.491577
      52.2   21.491600
      52.3   21.491623
      52.4   21.491642
      52.5   21.491665
      52.6   21.491689
      52.7   21.491707
      52.8   21.491731
      52.9   21.491755
      53.0   21.491774
      53.1   21.491798
      53.2   21.491823
      53.3   21.491847
      53.4   21.491867
      53.5   21.491891
      53.6   21.491916
      53.7   21.491936
      53.8   21.491961
      53.9   21.491986
      54.0   21.492006
      54.1   21.492032
      54.2   21.492058
      54.3   21.492078
      54.4   21.492104
      54.5   21.492130
      54.6   21.492157
      54.7   21.492177
      54.8   21.492204
      54.9   21.492231
      55.0   21.492252
      55.1   21.492279
      55.2   21.492307
      55.3   21.492328
      55.4   21.492356
      55.5   21.492384
      55.6   21.492405
      55.7   21.492434
      55.8   21.492462
      55.9   21.492491
      56.0   21.492513
      56.1   21.492543
      56.2   21.492572
      56.3   21.492594
      56.4   21.492624
      56.5   21.492655
      56.6   21.492677
      56.7   21.492708
      56.8   21.492739
      56.9   21.492762
      57.0   21.492793
      57.1   21.492826
      57.2   21.492857
      57.3   21.492882
      57.4   21.492913
      57.5   21.492943
      57.6   21.492970
      57.7   21.493004
      57.8   21.493037
      57.9   21.493062
      58.0   21.493094
      58.1   21.493130
      58.2   21.493165
      58.3   21.493191
      58.4   21.493227
      58.5   21.493263
      58.6   21.493289
      58.7   21.493326
      58.8   21.493363
      58.9   21.493389
      59.0   21.493427
      59.1   21.493466
      59.2   21.493493
      59.3   21.493532
      59.4   21.493572
      59.5   21.493612
      59.6   21.493640
      59.7   21.493681
      59.8   21.493723
      59.9   21.493752
      60.0   21.493795
      60.1   21.493838
      60.2   21.493868
      60.3   21.493912
      60.4   21.493957
      60.5   21.493988
      60.6   21.494034
      60.7   21.494081
      60.8   21.494129
      60.9   21.494160
      61.0   21.494210
      61.1   21.494260
      61.2   21.494294
      61.3   21.494343
      61.4   21.494399
      61.5   21.494420
      61.6   21.494485
      61.7   21.494532
      61.8   21.494572
      61.9   21.494606
      62.0   21.494686
      62.1   21.494742
      62.2   21.494787
      62.3   21.494818
      62.4   21.494900
      62.5   21.494938
      62.6   21.495004
      62.7   21.495070
      62.8   21.495109
      62.9   21.495179
      63.0   21.495249
      63.1   21.495293
      63.2   21.495364
      63.3   21.495440
      63.4   21.495514
      63.5   21.495562
      63.6   21.495641
      63.7   21.495723
      63.8   21.495773
      63.9   21.495857
      64.0   21.495945
      64.1   21.495999
      64.2   21.496090
      64.3   21.496185
      64.4   21.496242
      64.5   21.496342
      64.6   21.496445
      64.7   21.496552
      64.8   21.496616
      64.9   21.496729
      65.0   21.496846
      65.1   21.496915
      65.2   21.497040
      65.3   21.497169
      65.4   21.497245
      65.5   21.497383
      65.6   21.497528
      65.7   21.497612
      65.8   21.497767
      65.9   21.497929
      66.0   21.498100
      66.1   21.498198
      66.2   21.498383
      66.3   21.498578
      66.4   21.498689
      66.5   21.498902
      66.6   21.499128
      66.7   21.499255
      66.8   21.499504
      66.9   21.499770
      67.0   21.500055
      67.1   21.500215
      67.2   21.500534
      67.3   21.500880
      67.4   21.501072
      67.5   21.501465
      67.6   21.501895
      67.7   21.502134
      67.8   21.502634
      67.9   21.503192
      68.0   21.503508
      68.1   21.504171
      68.2   21.504927
      68.3   21.505815
      68.4   21.506455
      68.5   21.507335
      68.6   21.509887
      68.7   21.510124
      68.8   21.511521
      68.9   21.512803
      69.0   21.512596
      69.1   21.515293
      69.2   21.527513
      69.3   21.527543
      69.4   21.532341
      69.5   21.539087
      69.6   21.542582
      69.7   21.549828
      69.8   21.598325
      69.9   21.317256
      70.0   21.379540
      70.1   21.475158
      70.2   21.511867
      70.3   21.558211
      70.4   21.487915
      70.5   21.515115
      70.6   21.555268
      70.7   21.496659
      70.8   21.445108
      70.9   21.436678
      71.0   21.734795
      71.1   21.422097
      71.2   21.497190
      71.3   21.467263
      71.4   21.453136
      71.5   21.465810
      71.6   21.467889
      71.7   21.471671
      71.8   21.474263
      71.9   21.475317
      72.0   21.477065
      72.1   21.478484
      72.2   21.479665
      72.3   21.480196
      72.4   21.481127
      72.5   21.481936
      72.6   21.482312
      72.7   21.482980
      72.8   21.483576
      72.9   21.483860
      73.0   21.484368
      73.1   21.484829
      73.2   21.485053
      73.3   21.485455
      73.4   21.485825
      73.5   21.486165
      73.6   21.486336
      73.7   21.486641
      73.8   21.486924
      73.9   21.487068
      74.0   21.487325
      74.1   21.487565
      74.2   21.487690
      74.3   21.487909
      74.4   21.488117
      74.5   21.488226
      74.6   21.488417
      74.7   21.488598
      74.8   21.488770
      74.9   21.488864
      75.0   21.489024
      75.1   21.489177
      75.2   21.489261
      75.3   21.489405
      75.4   21.489542
      75.5   21.489619
      75.6   21.489748
      75.7   21.489873
      75.8   21.489992
      75.9   21.490061
      76.0   21.490174
      76.1   21.490284
      76.2   21.490348
      76.3   21.490452
      76.4   21.490553
      76.5   21.490612
      76.6   21.490709
      76.7   21.490802
      76.8   21.490858
      76.9   21.490948
      77.0   21.491035
      77.1   21.491119
      77.2   21.491171
      77.3   21.491253
      77.4   21.491332
      77.5   21.491382
      77.6   21.491458
      77.7   21.491533
      77.8   21.491580
      77.9   21.491652
      78.0   21.491723
      78.1   21.491768
      78.2   21.491837
      78.3   21.491904
      78.4   21.491970
      78.5   21.492013
      78.6   21.492076
      78.7   21.492139
      78.8   21.492181
      78.9   21.492242
      79.0   21.492301
      79.1   21.492342
      79.2   21.492400
      79.3   21.492458
      79.4   21.492497
      79.5   21.492553
      79.6   21.492608
      79.7   21.492662
      79.8   21.492700
      79.9   21.492753
      80.0   21.492806
      80.1   21.492842
      80.2   21.492894
      80.3   21.492944
      80.4   21.492980
      80.5   21.493030
      80.6   21.493079
      80.7   21.493114
      80.8   21.493163
      80.9   21.493210
      81.0   21.493257
      81.1   21.493292
      81.2   21.493338
      81.3   21.493384
      81.4   21.493418
      81.5   21.493463
      81.6   21.493507
      81.7   21.493540
      81.8   21.493584
      81.9   21.493628
      82.0   21.493661
      82.1   21.493704
      82.2   21.493746
      82.3   21.493789
      82.4   21.493821
      82.5   21.493862
      82.6   21.493904
      82.7   21.493935
      82.8   21.493976
      82.9   21.494017
      83.0   21.494048
      83.1   21.494088
      83.2   21.494128
      83.3   21.494167
      83.4   21.494198
      83.5   21.494237
      83.6   21.494276
      83.7   21.494307
      83.8   21.494345
      83.9   21.494383
      84.0   21.494414
      84.1   21.494451
      84.2   21.494489
      84.3   21.494519
      84.4   21.494556
      84.5   21.494594
      84.6   21.494630
      84.7   21.494660
      84.8   21.494697
      84.9   21.494733
      85.0   21.494763
      85.1   21.494799
      85.2   21.494835
      85.3   21.494864
      85.4   21.494900
      85.5   21.494935
      85.6   21.494964
      85.7   21.495000
      85.8   21.495035
      85.9   21.495070
      86.0   21.495099
      86.1   21.495134
      86.2   21.495168
      86.3   21.495197
      86.4   21.495231
      86.5   21.495266
      86.6   21.495294
      86.7   21.495328
      86.8   21.495362
      86.9   21.495391
      87.0   21.495425
      87.1   21.495459
      87.2   21.495492
      87.3   21.495521
      87.4   21.495554
      87.5   21.495587
      87.6   21.495616
      87.7   21.495649
      87.8   21.495682
      87.9   21.495710
      88.0   21.495743
      88.1   21.495776
      88.2   21.495804
      88.3   21.495837
      88.4   21.495870
      88.5   21.495902
      88.6   21.495930
      88.7   21.495963
      88.8   21.495995
      88.9   21.496023
      89.0   21.496055
      89.1   21.496088
      89.2   21.496116
      89.3   21.496148
      89.4   21.496180
      89.5   21.496208
      89.6   21.496240
      89.7   21.496271
      89.8   21.496303
      89.9   21.496331
      90.0   21.496363
      90.1   21.496395
      90.2   21.496422
      90.3   21.496454
      90.4   21.496486
      90.5   21.496513
      90.6   21.496545
      90.7   21.496576
      90.8   21.496604
      90.9   21.496636
      91.0   21.496667
      91.1   21.496698
      91.2   21.496726
      91.3   21.496757
      91.4   21.496788
      91.5   21.496816
      91.6   21.496847
      91.7   21.496878
      91.8   21.496906
      91.9   21.496937
      92.0   21.496968
      92.1   21.496999
      92.2   21.497027
      92.3   21.497058
      92.4   21.497089
      92.5   21.497116
      92.6   21.497147
      92.7   21.497178
      92.8   21.497206
      92.9   21.497237
      93.0   21.497267
      93.1   21.497295
      93.2   21.497326
      93.3   21.497357
      93.4   21.497387
      93.5   21.497415
      93.6   21.497446
      93.7   21.497476
      93.8   21.497504
      93.9   21.497535
      94.0   21.497565
      94.1   21.497593
      94.2   21.497624
      94.3   21.497654
      94.4   21.497682
      94.5   21.497713
      94.6   21.497743
      94.7   21.497774
      94.8   21.497802
      94.9   21.497832
      95.0   21.497863
      95.1   21.497891
      95.2   21.497921
      95.3   21.497951
      95.4   21.497979
      95.5   21.498010
      95.6   21.498040
      95.7   21.498068
      95.8   21.498099
      95.9   21.498129
      96.0   21.498160
      96.1   21.498188
      96.2   21.498218
      96.3   21.498248
      96.4   21.498277
      96.5   21.498307
      96.6   21.498337
      96.7   21.498366
      96.8   21.498396
      96.9   21.498426
      97.0   21.498455
      97.1   21.498485
      97.2   21.498515
      97.3   21.498546
      97.4   21.498574
      97.5   21.498604
      97.6   21.498635
      97.7   21.498663
      97.8   21.498694
      97.9   21.498724
      98.0   21.498752
      98.1   21.498783
      98.2   21.498813
      98.3   21.498842
      98.4   21.498872
      98.5   21.498903
      98.6   21.498933
      98.7   21.498962
      98.8   21.498992
      98.9   21.499023
      99.0   21.499051
      99.1   21.499082
      99.2   21.499112
      99.3   21.499141
      99.4   21.499171
      99.5   21.499202
      99.6   21.499231
      99.7   21.499261
      99.8   21.499292
      99.9   21.499322
     100.0   21.499351
     100.1   21.499382
     100.2   21.499413
     100.3   21.499441
     100.4   21.499472
     100.5   21.499503
     100.6   21.499532
     100.7   21.499562
     100.8   21.499593
     100.9   21.499624
     101.0   21.499653
     101.1   21.499684
     101.2   21.499715
     101.3   21.499744
     101.4   21.499775
     101.5   21.499806
     101.6   21.499835
     101.7   21.499866
     101.8   21.499897
     101.9   21.499926
     102.0   21.499958
     102.1   21.499989
     102.2   21.500020
     102.3   21.500049
     102.4   21.500081
     102.5   21.500112
     102.6   21.500141
     102.7   21.500173
     102.8   21.500204
     102.9   21.500234
     103.0   21.500265
     103.1   21.500297
     103.2   21.500327
     103.3   21.500358
     103.4   21.500390
     103.5   21.500422
     103.6   21.500452
     103.7   21.500484
     103.8   21.500516
     103.9   21.500546
     104.0   21.500578
     104.1   21.500610
     104.2   21.500641
     104.3   21.500673
     104.4   21.500706
     104.5   21.500736
     104.6   21.500769
     104.7   21.500802
     104.8   21.500835
     104.9   21.500866
     105.0   21.500899
     105.1   21.500933
     105.2   21.500964
     105.3   21.500998
     105.4   21.501032
     105.5   21.501064
     105.6   21.501098
     105.7   21.501135
     105.8   21.501168
     105.9   21.501204
     106.0   21.501243
     106.1   21.501277
     106.2   21.501311
     106.3   21.501347
     106.4   21.501386
     106.5   21.501408
     106.6   21.501464
     106.7   21.501513
     106.8   21.501566
     106.9   21.501540
     107.0   21.501628
     107.1   21.501553
     107.2   21.501489
     107.3   21.501108
     107.4   21.501118
     107.5   21.501277
     107.6   21.501596
     107.7   21.501724
     107.8   21.501797
     107.9   21.502003
     108.0   21.503437
     108.1   21.501057
     108.2   21.501773
     108.3   21.501936
     108.4   21.501556
     108.5   21.502066
     108.6   21.501349
     108.7   21.499239
     108.8   21.501896
     108.9   21.501906
     109.0   21.502248
     109.1   21.501882
     109.2   21.501854
     109.3   21.501995
     109.4   21.502073
     109.5   21.502157
     109.6   21.502227
     109.7   21.502289
     109.8   21.502332
     109.9   21.502288
     110.0   21.502510
     110.1   21.502554
     110.2   21.502620
     110.3   21.502683
     110.4   21.502725
     110.5   21.502799
     110.6   21.502866
     110.7   21.502933
     110.8   21.503129
     110.9   21.503948
     111.0   21.501550
     111.1   21.502240
     111.2   21.502656
     111.3   21.502335
     111.4   21.502888
     111.5   21.503026
     111.6   21.502053
     111.7   21.503094
     111.8   21.502791
     111.9   21.502732
     112.0   21.502046
     112.1   21.502635
     112.2   21.502511
     112.3   21.502630
     112.4   21.502731
     112.5   21.502795
     112.6   21.502869
     112.7   21.502919
     112.8   21.502979
     112.9   21.503032
     113.0   21.503072
     113.1   21.503120
     113.2   21.503165
     113.3   21.503202
     113.4   21.503244
     113.5   21.503285
     113.6   21.503325
     113.7   21.503360
     113.8   21.503399
     113.9   21.503437
     114.0   21.503471
     114.1   21.503508
     114.2   21.503545
     114.3   21.503579
     114.4   21.503616
     114.5   21.503652
     114.6   21.503685
     114.7   21.503721
     114.8   21.503756
     114.9   21.503792
     115.0   21.503825
     115.1   21.503860
     115.2   21.503895
     115.3   21.503928
     115.4   21.503963
     115.5   21.503997
     115.6   21.504030
     115.7   21.504065
     115.8   21.504099
     115.9   21.504132
     116.0   21.504167
     116.1   21.504201
     116.2   21.504235
     116.3   21.504268
     116.4   21.504302
     116.5   21.504336
     116.6   21.504369
     116.7   21.504403
     116.8   21.504437
     116.9   21.504470
     117.0   21.504504
     117.1   21.504538
     117.2   21.504572
     117.3   21.504605
     117.4   21.504639
     117.5   21.504673
     117.6   21.504705
     117.7   21.504739
     117.8   21.504773
     117.9   21.504806
     118.0   21.504840
     118.1   21.504874
     118.2   21.504907
     118.3   21.504941
     118.4   21.504974
     118.5   21.505008
     118.6   21.505041
     118.7   21.505075
     118.8   21.505109
     118.9   21.505142
     119.0   21.505176
     119.1   21.505210
     119.2   21.505243
     119.3   21.505277
     119.4   21.505311
     119.5   21.505344
     119.6   21.505378
     119.7   21.505412
     119.8   21.505446
     119.9   21.505479
     120.0   21.505513
     120.1   21.505547
     120.2   21.505580
     120.3   21.505614
     120.4   21.505648
     120.5   21.505681
     120.6   21.505715
     120.7   21.505750
     120.8   21.505783
     120.9   21.505817
     121.0   21.505851
     121.1   21.505885
     121.2   21.505919
     121.3   21.505953
     121.4   21.505987
     121.5   21.506020
     121.6   21.506055
     121.7   21.506089
     121.8   21.506122
     121.9   21.506157
     122.0   21.506191
     122.1   21.506224
     122.2   21.506259
     122.3   21.506293
     122.4   21.506327
     122.5   21.506361
     122.6   21.506395
     122.7   21.506430
     122.8   21.506464
     122.9   21.506498
     123.0   21.506532
     123.1   21.506566
     123.2   21.506601
     123.3   21.506635
     123.4   21.506669
     123.5   21.506704
     123.6   21.506738
     123.7   21.506773
     123.8   21.506807
     123.9   21.506841
     124.0   21.506876
     124.1   21.506910
     124.2   21.506945
     124.3   21.506979
     124.4   21.507014
     124.5   21.507048
     124.6   21.507083
     124.7   21.507117
     124.8   21.507152
     124.9   21.507187
     125.0   21.507222
     125.1   21.507256
     125.2   21.507291
     125.3   21.507326
     125.4   21.507360
     125.5   21.507395
     125.6   21.507430
     125.7   21.507464
     125.8   21.507499
     125.9   21.507534
     126.0   21.507569
     126.1   21.507604
     126.2   21.507639
     126.3   21.507674
     126.4   21.507709
     126.5   21.507744
     126.6   21.507779
     126.7   21.507814
     126.8   21.507849
     126.9   21.507884
     127.0   21.507919
     127.1   21.507954
     127.2   21.507989
     127.3   21.508025
     127.4   21.508060
     127.5   21.508095
     127.6   21.508130
     127.7   21.508165
     127.8   21.508201
     127.9   21.508236
     128.0   21.508271
     128.1   21.508307
     128.2   21.508342
     128.3   21.508377
     128.4   21.508413
     128.5   21.508448
     128.6   21.508484
     128.7   21.508519
     128.8   21.508555
     128.9   21.508590
     129.0   21.508626
     129.1   21.508661
     129.2   21.508697
     129.3   21.508733
     129.4   21.508768
     129.5   21.508804
     129.6   21.508840
     129.7   21.508875
     129.8   21.508911
     129.9   21.508947
     130.0   21.508983
     130.1   21.509019
     130.2   21.509055
     130.3   21.509090
     130.4   21.509126
     130.5   21.509162
     130.6   21.509198
     130.7   21.509234
     130.8   21.509270
     130.9   21.509306
     131.0   21.509342
     131.1   21.509378
     131.2   21.509414
     131.3   21.509450
     131.4   21.509486
     131.5   21.509523
     131.6   21.509559
     131.7   21.509595
     131.8   21.509631
     131.9   21.509667
     132.0   21.509704
     132.1   21.509740
     132.2   21.509776
     132.3   21.509813
     132.4   21.509849
     132.5   21.509886
     132.6   21.509922
     132.7   21.509958
     132.8   21.509995
     132.9   21.510031
     133.0   21.510068
     133.1   21.510104
     133.2   21.510141
     133.3   21.510177
     133.4   21.510214
     133.5   21.510251
     133.6   21.510287
     133.7   21.510324
     133.8   21.510361
     133.9   21.510397
     134.0   21.510434
     134.1   21.510471
     134.2   21.510508
     134.3   21.510545
     134.4   21.510582
     134.5   21.510618
     134.6   21.510655
     134.7   21.510692
     134.8   21.510730
     134.9   21.510766
     135.0   21.510803
     135.1   21.510841
     135.2   21.510877
     135.3   21.510915
     135.4   21.510952
     135.5   21.510989
     135.6   21.511026
     135.7   21.511063
     135.8   21.511100
     135.9   21.511138
     136.0   21.511175
     136.1   21.511212
     136.2   21.511249
     136.3   21.511287
     136.4   21.511324
     136.5   21.511361
     136.6   21.511399
     136.7   21.511437
     136.8   21.511474
     136.9   21.511511
     137.0   21.511549
     137.1   21.511586
     137.2   21.511624
     137.3   21.511662
     137.4   21.511699
     137.5   21.511737
     137.6   21.511775
     137.7   21.511812
     137.8   21.511850
     137.9   21.511888
     138.0   21.511926
     138.1   21.511963
     138.2   21.512001
     138.3   21.512039
     138.4   21.512077
     138.5   21.512115
     138.6   21.512153
     138.7   21.512191
     138.8   21.512228
     138.9   21.512267
     139.0   21.512305
     139.1   21.512342
     139.2   21.512381
     139.3   21.512419
     139.4   21.512457
     139.5   21.512495
     139.6   21.512533
     139.7   21.512571
     139.8   21.512610
     139.9   21.512648
     140.0   21.512686
     140.1   21.512724
     140.2   21.512763
     140.3   21.512801
     140.4   21.512839
     140.5   21.512878
     140.6   21.512916
     140.7   21.512955
     140.8   21.512993
     140.9   21.513032
     141.0   21.513070
     141.1   21.513109
     141.2   21.513148
     141.3   21.513186
     141.4   21.513225
     141.5   21.513263
     141.6   21.513302
     141.7   21.513341
     141.8   21.513380
     141.9   21.513418
     142.0   21.513457
     142.1   21.513496
     142.2   21.513535
     142.3   21.513574
     142.4   21.513613
     142.5   21.513652
     142.6   21.513691
     142.7   21.513729
     142.8   21.513769
     142.9   21.513808
     143.0   21.513847
     143.1   21.513886
     143.2   21.513925
     143.3   21.513964
     143.4   21.514003
     143.5   21.514042
     143.6   21.514082
     143.7   21.514121
     143.8   21.514160
     143.9   21.514200
     144.0   21.514239
     144.1   21.514278
     144.2   21.514318
     144.3   21.514357
     144.4   21.514397
     144.5   21.514436
     144.6   21.514476
     144.7   21.514517
     144.8   21.514549
     144.9   21.514593
     145.0   21.514633
     145.1   21.514674
     145.2   21.514705
     145.3   21.514750
     145.4   21.514791
     145.5   21.514832
     145.6   21.514870
     145.7   21.514912
     145.8   21.514949
     145.9   21.514991
     146.0   21.515029
     146.1   21.515068
     146.2   21.515108
     146.3   21.515143
     146.4   21.515188
     146.5   21.515229
     146.6   21.515268
     146.7   21.515309
     146.8   21.515349
     146.9   21.515389
     147.0   21.515429
     147.1   21.515470
     147.2   21.515510
     147.3   21.515551
     147.4   21.515591
     147.5   21.515631
     147.6   21.515671
     147.7   21.515713
     147.8   21.515754
     147.9   21.515793
     148.0   21.515832
     148.1   21.515879
     148.2   21.515919
     148.3   21.515960
     148.4   21.515999
     148.5   21.516040
     148.6   21.516079
     148.7   21.516125
     148.8   21.516182
     148.9   21.516135
     149.0   21.516229
     149.1   21.516278
     149.2   21.516321
     149.3   21.516376
     149.4   21.516406
     149.5   21.516384
     149.6   21.516536
     149.7   21.516479
     149.8   21.516563
     149.9   21.516588
     150.0   21.516631
     150.1   21.516677
     150.2   21.516718
     150.3   21.516760
     150.4   21.516802
     150.5   21.516843
     150.6   21.516885
     150.7   21.516926
     150.8   21.516967
     150.9   21.517009
     151.0   21.517050
     151.1   21.517092
     151.2   21.517133
     151.3   21.517174
     151.4   21.517216
     151.5   21.517257
     151.6   21.517299
     151.7   21.517340
     151.8   21.517381
     151.9   21.517423
     152.0   21.517464
     152.1   21.517506
     152.2   21.517548
     152.3   21.517590
     152.4   21.517634
     152.5   21.517686
     152.6   21.517710
     152.7   21.517754
     152.8   21.517797
     152.9   21.517838
     153.0   21.517880
     153.1   21.517925
     153.2   21.517962
     153.3   21.518002
     153.4   21.518053
     153.5   21.518094
     153.6   21.518125
     153.7   21.518169
     153.8   21.518211
     153.9   21.518253
     154.0   21.518295
     154.1   21.518338
     154.2   21.518381
     154.3   21.518422
     154.4   21.518464
     154.5   21.518506
     154.6   21.518548
     154.7   21.518590
     154.8   21.518632
     154.9   21.518675
     155.0   21.518717
     155.1   21.518759
     155.2   21.518801
     155.3   21.518844
     155.4   21.518886
     155.5   21.518928
     155.6   21.518971
     155.7   21.519013
     155.8   21.519055
     155.9   21.519098
     156.0   21.519140
     156.1   21.519183
     156.2   21.519225
     156.3   21.519268
     156.4   21.519310
     156.5   21.519353
     156.6   21.519396
     156.7   21.519438
     156.8   21.519481
     156.9   21.519524
     157.0   21.519566
     157.1   21.519609
     157.2   21.519652
     157.3   21.519694
     157.4   21.519737
     157.5   21.519780
     157.6   21.519823
     157.7   21.519866
     157.8   21.519909
     157.9   21.519952
     158.0   21.519995
     158.1   21.520038
     158.2   21.520081
     158.3   21.520124
     158.4   21.520167
     158.5   21.520210
     158.6   21.520253
     158.7   21.520296
     158.8   21.520340
     158.9   21.520383
     159.0   21.520426
     159.1   21.520469
     159.2   21.520513
     159.3   21.520556
     159.4   21.520599
     159.5   21.520643
     159.6   21.520686
     159.7   21.520729
     159.8   21.520773
     159.9   21.520816
     160.0   21.520860
     160.1   21.520903
     160.2   21.520947
     160.3   21.520990
     160.4   21.521034
     160.5   21.521078
     160.6   21.521121
     160.7   21.521165
     160.8   21.521209
     160.9   21.521252
     161.0   21.521296
     161.1   21.521340
     161.2   21.521384
     161.3   21.521428
     161.4   21.521472
     161.5   21.521515
     161.6   21.521559
     161.7   21.521603
     161.8   21.521647
     161.9   21.521691
     162.0   21.521735
     162.1   21.521779
     162.2   21.521823
     162.3   21.521867
     162.4   21.521912
     162.5   21.521956
     162.6   21.522000
     162.7   21.522044
     162.8   21.522088
     162.9   21.522133
     163.0   21.522177
     163.1   21.522221
     163.2   21.522266
     163.3   21.522310
     163.4   21.522354
     163.5   21.522399
     163.6   21.522443
     163.7   21.522488
     163.8   21.522532
     163.9   21.522577
     164.0   21.522621
     164.1   21.522666
     164.2   21.522711
     164.3   21.522755
     164.4   21.522800
     164.5   21.522845
     164.6   21.522889
     164.7   21.522934
     164.8   21.522979
     164.9   21.523024
     165.0   21.523068
     165.1   21.523113
     165.2   21.523158
     165.3   21.523203
     165.4   21.523248
     165.5   21.523293
     165.6   21.523338
     165.7   21.523383
     165.8   21.523428
     165.9   21.523473
     166.0   21.523518
     166.1   21.523563
     166.2   21.523608
     166.3   21.523654
     166.4   21.523699
     166.5   21.523744
     166.6   21.523789
     166.7   21.523835
     166.8   21.523880
     166.9   21.523925
     167.0   21.523971
     167.1   21.524016
     167.2   21.524061
     167.3   21.524107
     167.4   21.524152
     167.5   21.524198
     167.6   21.524243
     167.7   21.524289
     167.8   21.524334
     167.9   21.524380
     168.0   21.524426
     168.1   21.524471
     168.2   21.524517
     168.3   21.524563
     168.4   21.524608
     168.5   21.524654
     168.6   21.524700
     168.7   21.524746
     168.8   21.524792
     168.9   21.524837
     169.0   21.524883
     169.1   21.524929
     169.2   21.524975
     169.3   21.525021
     169.4   21.525067
     169.5   21.525113
     169.6   21.525159
     169.7   21.525205
     169.8   21.525251
     169.9   21.525298
     170.0   21.525344
     170.1   21.525390
     170.2   21.525436
     170.3   21.525482
     170.4   21.525529
     170.5   21.525575
     170.6   21.525621
     170.7   21.525668
     170.8   21.525714
     170.9   21.525760
     171.0   21.525807
     171.1   21.525853
     171.2   21.525900
     171.3   21.525946
     171.4   21.525993
     171.5   21.526039
     171.6   21.526086
     171.7   21.526133
     171.8   21.526179
     171.9   21.526226
     172.0   21.526273
     172.1   21.526319
     172.2   21.526366
     172.3   21.526413
     172.4   21.526460
     172.5   21.526507
     172.6   21.526553
     172.7   21.526600
     172.8   21.526647
     172.9   21.526694
     173.0   21.526741
     173.1   21.526788
     173.2   21.526835
     173.3   21.526882
     173.4   21.526929
     173.5   21.526976
     173.6   21.527023
     173.7   21.527071
     173.8   21.527118
     173.9   21.527165
     174.0   21.527212
     174.1   21.527260
     174.2   21.527307
     174.3   21.527354
     174.4   21.527401
     174.5   21.527449
     174.6   21.527496
     174.7   21.527544
     174.8   21.527591
     174.9   21.527639
     175.0   21.527686
     175.1   21.527734
     175.2   21.527781
     175.3   21.527829
     175.4   21.527876
     175.5   21.527924
     175.6   21.527972
     175.7   21.528019
     175.8   21.528067
     175.9   21.528115
     176.0   21.528163
     176.1   21.528210
     176.2   21.528258
     176.3   21.528306
     176.4   21.528354
     176.5   21.528402
     176.6   21.528450
     176.7   21.528498
     176.8   21.528546
     176.9   21.528594
     177.0   21.528642
     177.1   21.528690
     177.2   21.528738
     177.3   21.528786
     177.4   21.528834
     177.5   21.528883
     177.6   21.528931
     177.7   21.528979
     177.8   21.529027
     177.9   21.529075
     178.0   21.529124
     178.1   21.529172
     178.2   21.529220
     178.3   21.529269
     178.4   21.529317
     178.5   21.529366
     178.6   21.529414
     178.7   21.529463
     178.8   21.529511
     178.9   21.529560
     179.0   21.529608
     179.1   21.529657
     179.2   21.529706
     179.3   21.529754
     179.4   21.529803
     179.5   21.529852
     179.6   21.529900
     179.7   21.529949
     179.8   21.529998
     179.9   21.530047
     180.0   21.530096
     180.1   21.530145
     180.2   21.530193
     180.3   21.530242
     180.4   21.530291
     180.5   21.530340
     180.6   21.530389
     180.7   21.530438
     180.8   21.530487
     180.9   21.530537
     181.0   21.530586
     181.1   21.530635
     181.2   21.530684
     181.3   21.530733
     181.4   21.530783
     181.5   21.530832
     181.6   21.530881
     181.7   21.530930
     181.8   21.530980
     181.9   21.531029
     182.0   21.531078
     182.1   21.531128
     182.2   21.531177
     182.3   21.531227
     182.4   21.531276
     182.5   21.531326
     182.6   21.531375
     182.7   21.531425
     182.8   21.531475
     182.9   21.531524
     183.0   21.531574
     183.1   21.531624
     183.2   21.531673
     183.3   21.531723
     183.4   21.531773
     183.5   21.531823
     183.6   21.531872
     183.7   21.531922
     183.8   21.531972
     183.9   21.532022
     184.0   21.532072
     184.1   21.532122
     184.2   21.532172
     184.3   21.532222
     184.4   21.532272
     184.5   21.532322
     184.6   21.532372
     184.7   21.532422
     184.8   21.532472
     184.9   21.532523
     185.0   21.532573
     185.1   21.532623
     185.2   21.532673
     185.3   21.532724
     185.4   21.532774
     185.5   21.532824
     185.6   21.532875
     185.7   21.532925
     185.8   21.532975
     185.9   21.533026
     186.0   21.533076
     186.1   21.533127
     186.2   21.533177
     186.3   21.533228
     186.4   21.533279
     186.5   21.533329
     186.6   21.533380
     186.7   21.533430
     186.8   21.533481
     186.9   21.533532
     187.0   21.533583
     187.1   21.533633
     187.2   21.533684
     187.3   21.533735
     187.4   21.533786
     187.5   21.533837
     187.6   21.533888
     187.7   21.533939
     187.8   21.533990
     187.9   21.534041
     188.0   21.534092
     188.1   21.534143
     188.2   21.534194
     188.3   21.534245
     188.4   21.534296
     188.5   21.534347
     188.6   21.534398
     188.7   21.534450
     188.8   21.534501
     188.9   21.534552
     189.0   21.534603
     189.1   21.534655
     189.2   21.534706
     189.3   21.534757
     189.4   21.534809
     189.5   21.534860
     189.6   21.534912
     189.7   21.534963
     189.8   21.535015
     189.9   21.535066
     190.0   21.535118
     190.1   21.535170
     190.2   21.535221
     190.3   21.535273
     190.4   21.535324
     190.5   21.535376
     190.6   21.535428
     190.7   21.535480
     190.8   21.535531
     190.9   21.535583
     191.0   21.535635
     191.1   21.535687
     191.2   21.535738
     191.3   21.535790
     191.4   21.535842
     191.5   21.535894
     191.6   21.535946
     191.7   21.535998
     191.8   21.536050
     191.9   21.536102
     192.0   21.536155
     192.1   21.536207
     192.2   21.536259
     192.3   21.536311
     192.4   21.536363
     192.5   21.536416
     192.6   21.536468
     192.7   21.536520
     192.8   21.536572
     192.9   21.536625
     193.0   21.536677
     193.1   21.536730
     193.2   21.536782
     193.3   21.536834
     193.4   21.536887
     193.5   21.536939
     193.6   21.536992
     193.7   21.537045
     193.8   21.537097
     193.9   21.537150
     194.0   21.537202
     194.1   21.537255
     194.2   21.537308
     194.3   21.537361
     194.4   21.537413
     194.5   21.537466
     194.6   21.537519
     194.7   21.537572
     194.8   21.537625
     194.9   21.537678
     195.0   21.537730
     195.1   21.537783
     195.2   21.537836
     195.3   21.537889
     195.4   21.537942
     195.5   21.537995
     195.6   21.538049
     195.7   21.538102
     195.8   21.538155
     195.9   21.538208
     196.0   21.538261
     196.1   21.538314
     196.2   21.538368
     196.3   21.538421
     196.4   21.538474
     196.5   21.538528
     196.6   21.538581
     196.7   21.538634
     196.8   21.538688
     196.9   21.538741
     197.0   21.538795
     197.1   21.538848
     197.2   21.538902
     197.3   21.538955
     197.4   21.539009
     197.5   21.539062
     197.6   21.539116
     197.7   21.539170
     197.8   21.539223
     197.9   21.539277
     198.0   21.539331
     198.1   21.539385
     198.2   21.539438
     198.3   21.539492
     198.4   21.539546
     198.5   21.539600
     198.6   21.539654
     198.7   21.539708
     198.8   21.539762
     198.9   21.539816
     199.0   21.539870
     199.1   21.539924
     199.2   21.539978
     199.3   21.540032
     199.4   21.540086
     199.5   21.540140
     199.6   21.540194
     199.7   21.540248
     199.8   21.540303
     199.9   21.540357
     200.0   21.540411
     200.1   21.540466
     200.2   21.540520
     200.3   21.540574
     200.4   21.540629
     200.5   21.540683
     200.6   21.540738
     200.7   21.540792
     200.8   21.540847
     200.9   21.540901
     201.0   21.540956
     201.1   21.541010
     201.2   21.541065
     201.3   21.541120
     201.4   21.541174
     201.5   21.541229
     201.6   21.541284
     201.7   21.541338
     201.8   21.541393
     201.9   21.541448
     202.0   21.541503
     202.1   21.541558
     202.2   21.541612
     202.3   21.541667
     202.4   21.541722
     202.5   21.541777
     202.6   21.541832
     202.7   21.541887
     202.8   21.541942
     202.9   21.541997
     203.0   21.542053
     203.1   21.542108
     203.2   21.542163
     203.3   21.542218
     203.4   21.542273
     203.5   21.542328
     203.6   21.542384
     203.7   21.542439
     203.8   21.542494
     203.9   21.542550
     204.0   21.542605
     204.1   21.542661
     204.2   21.542716
     204.3   21.542771
     204.4   21.542827
     204.5   21.542882
     204.6   21.542938
     204.7   21.542993
     204.8   21.543049
     204.9   21.543105
     205.0   21.543160
     205.1   21.543216
     205.2   21.543272
     205.3   21.543327
     205.4   21.543383
     205.5   21.543439
     205.6   21.543495
     205.7   21.543551
     205.8   21.543607
     205.9   21.543662
     206.0   21.543718
     206.1   21.543774
     206.2   21.543830
     206.3   21.543886
     206.4   21.543942
     206.5   21.543998
     206.6   21.544055
     206.7   21.544111
     206.8   21.544167
     206.9   21.544223
     207.0   21.544279
     207.1   21.544335
     207.2   21.544392
     207.3   21.544448
     207.4   21.544504
     207.5   21.544561
     207.6   21.544617
     207.7   21.544673
     207.8   21.544730
     207.9   21.544786
     208.0   21.544843
     208.1   21.544899
     208.2   21.544956
     208.3   21.545012
     208.4   21.545069
     208.5   21.545125
     208.6   21.545180
     208.7   21.545240
     208.8   21.545296
     208.9   21.545352
     209.0   21.545409
     209.1   21.545466
     209.2   21.545522
     209.3   21.545579
     209.4   21.545635
     209.5   21.545693
     209.6   21.545749
     209.7   21.545807
     209.8   21.545863
     209.9   21.545921
     210.0   21.545978
     210.1   21.546035
     210.2   21.546092
     210.3   21.546149
     210.4   21.546206
     210.5   21.546263
     210.6   21.546320
     210.7   21.546378
     210.8   21.546435
     210.9   21.546492
     211.0   21.546549
     211.1   21.546607
     211.2   21.546664
     211.3   21.546721
     211.4   21.546779
     211.5   21.546836
     211.6   21.546894
     211.7   21.546951
     211.8   21.547009
     211.9   21.547066
     212.0   21.547124
     212.1   21.547181
     212.2   21.547239
     212.3   21.547297
     212.4   21.547354
     212.5   21.547412
     212.6   21.547470
     212.7   21.547528
     212.8   21.547585
     212.9   21.547643
     213.0   21.547701
     213.1   21.547759
     213.2   21.547817
     213.3   21.547875
     213.4   21.547933
     213.5   21.547991
     213.6   21.548049
     213.7   21.548107
     213.8   21.548165
     213.9   21.548223
     214.0   21.548281
     214.1   21.548339
     214.2   21.548397
     214.3   21.548456
     214.4   21.548514
     214.5   21.548572
     214.6   21.548630
     214.7   21.548689
     214.8   21.548747
     214.9   21.548805
     215.0   21.548864
     215.1   21.548922
     215.2   21.548981
     215.3   21.549039
     215.4   21.549097
     215.5   21.549156
     215.6   21.549215
     215.7   21.549273
     215.8   21.549332
     215.9   21.549390
     216.0   21.549449
     216.1   21.549508
     216.2   21.549566
     216.3   21.549625
     216.4   21.549684
     216.5   21.549743
     216.6   21.549802
     216.7   21.549860
     216.8   21.549919
     216.9   21.549978
     217.0   21.550037
     217.1   21.550096
     217.2   21.550155
     217.3   21.550214
     217.4   21.550273
     217.5   21.550332
     217.6   21.550391
     217.7   21.550451
     217.8   21.550510
     217.9   21.550569
     218.0   21.550628
     218.1   21.550687
     218.2   21.550747
     218.3   21.550806
     218.4   21.550865
     218.5   21.550925
     218.6   21.550984
     218.7   21.551043
     218.8   21.551103
     218.9   21.551162
     219.0   21.551222
     219.1   21.551281
     219.2   21.551341
     219.3   21.551400
     219.4   21.551460
     219.5   21.551520
     219.6   21.551579
     219.7   21.551639
     219.8   21.551699
     219.9   21.551758
     220.0   21.551818
     220.1   21.551878
     220.2   21.551938
     220.3   21.551998
     220.4   21.552058
     220.5   21.552117
     220.6   21.552177
     220.7   21.552237
     220.8   21.552297
     220.9   21.552357
     221.0   21.552417
     221.1   21.552477
     221.2   21.552537
     221.3   21.552598
     221.4   21.552658
     221.5   21.552718
     221.6   21.552778
     221.7   21.552838
     221.8   21.552899
     221.9   21.552959
     222.0   21.553019
     222.1   21.553080
     222.2   21.553140
     222.3   21.553200
     222.4   21.553261
     222.5   21.553321
     222.6   21.553382
     222.7   21.553442
     222.8   21.553503
     222.9   21.553563
     223.0   21.553624
     223.1   21.553685
     223.2   21.553745
     223.3   21.553806
     223.4   21.553867
     223.5   21.553927
     223.6   21.553988
     223.7   21.554049
     223.8   21.554110
     223.9   21.554170
     224.0   21.554231
     224.1   21.554292
     224.2   21.554353
     224.3   21.554414
     224.4   21.554475
     224.5   21.554536
     224.6   21.554597
     224.7   21.554658
     224.8   21.554719
     224.9   21.554780
     225.0   21.554842
     225.1   21.554903
     225.2   21.554964
     225.3   21.555025
     225.4   21.555086
     225.5   21.555148
     225.6   21.555209
     225.7   21.555270
     225.8   21.555332
     225.9   21.555393
     226.0   21.555454
     226.1   21.555516
     226.2   21.555577
     226.3   21.555639
     226.4   21.555700
     226.5   21.555762
     226.6   21.555824
     226.7   21.555885
     226.8   21.555947
     226.9   21.556008
     227.0   21.556070
     227.1   21.556132
     227.2   21.556194
     227.3   21.556255
     227.4   21.556317
     227.5   21.556379
     227.6   21.556441
     227.7   21.556503
     227.8   21.556565
     227.9   21.556627
     228.0   21.556689
     228.1   21.556751
     228.2   21.556813
     228.3   21.556875
     228.4   21.556937
     228.5   21.556999
     228.6   21.557061
     228.7   21.557123
     228.8   21.557185
     228.9   21.557248
     229.0   21.557310
     229.1   21.557372
     229.2   21.557434
     229.3   21.557497
     229.4   21.557559
     229.5   21.557621
     229.6   21.557684
     229.7   21.557746
     229.8   21.557809
     229.9   21.557871
     230.0   21.557934
     230.1   21.557996
     230.2   21.558059
     230.3   21.558121
     230.4   21.558184
     230.5   21.558247
     230.6   21.558309
     230.7   21.558372
     230.8   21.558435
     230.9   21.558498
     231.0   21.558560
     231.1   21.558623
     231.2   21.558686
     231.3   21.558749
     231.4   21.558812
     231.5   21.558875
     231.6   21.558938
     231.7   21.559001
     231.8   21.559064
     231.9   21.559127
     232.0   21.559190
     232.1   21.559253
     232.2   21.559316
     232.3   21.559379
     232.4   21.559442
     232.5   21.559506
     232.6   21.559569
     232.7   21.559632
     232.8   21.559695
     232.9   21.559759
     233.0   21.559822
     233.1   21.559886
     233.2   21.559949
     233.3   21.560012
     233.4   21.560076
     233.5   21.560139
     233.6   21.560203
     233.7   21.560266
     233.8   21.560330
     233.9   21.560394
     234.0   21.560457
     234.1   21.560521
     234.2   21.560584
     234.3   21.560648
     234.4   21.560712
     234.5   21.560776
     234.6   21.560839
     234.7   21.560903
     234.8   21.560967
     234.9   21.561031
     235.0   21.561095
     235.1   21.561159
     235.2   21.561223
     235.3   21.561287
     235.4   21.561351
     235.5   21.561415
     235.6   21.561479
     235.7   21.561543
     235.8   21.561607
     235.9   21.561671
     236.0   21.561735
     236.1   21.561800
     236.2   21.561864
     236.3   21.561928
     236.4   21.561992
     236.5   21.562057
     236.6   21.562121
     236.7   21.562185
     236.8   21.562250
     236.9   21.562314
     237.0   21.562379
     237.1   21.562443
     237.2   21.562508
     237.3   21.562572
     237.4   21.562637
     237.5   21.562701
     237.6   21.562766
     237.7   21.562831
     237.8   21.562895
     237.9   21.562960
     238.0   21.563025
     238.1   21.563090
     238.2   21.563154
     238.3   21.563219
     238.4   21.563284
     238.5   21.563349
     238.6   21.563414
     238.7   21.563479
     238.8   21.563544
     238.9   21.563609
     239.0   21.563674
     239.1   21.563739
     239.2   21.563804
     239.3   21.563869
     239.4   21.563934
     239.5   21.563999
     239.6   21.564064
     239.7   21.564129
     239.8   21.564195
     239.9   21.564260
     240.0   21.564325
     240.1   21.564391
     240.2   21.564456
     240.3   21.564521
     240.4   21.564587
     240.5   21.564652
     240.6   21.564718
     240.7   21.564783
     240.8   21.564848
     240.9   21.564914
     241.0   21.564980
     241.1   21.565045
     241.2   21.565111
     241.3   21.565176
     241.4   21.565242
     241.5   21.565308
     241.6   21.565374
     241.7   21.565439
     241.8   21.565505
     241.9   21.565571
     242.0   21.565637
     242.1   21.565703
     242.2   21.565768
     242.3   21.565834
     242.4   21.565900
     242.5   21.565966
     242.6   21.566032
     242.7   21.566098
     242.8   21.566164
     242.9   21.566231
     243.0   21.566297
     243.1   21.566363
     243.2   21.566429
     243.3   21.566495
     243.4   21.566561
     243.5   21.566628
     243.6   21.566694
     243.7   21.566760
     243.8   21.566827
     243.9   21.566893
     244.0   21.566959
     244.1   21.567026
     244.2   21.567092
     244.3   21.567159
     244.4   21.567225
     244.5   21.567292
     244.6   21.567358
     244.7   21.567425
     244.8   21.567491
     244.9   21.567558
     245.0   21.567625
     245.1   21.567692
     245.2   21.567758
     245.3   21.567825
     245.4   21.567892
     245.5   21.567959
     245.6   21.568025
     245.7   21.568092
     245.8   21.568159
     245.9   21.568226
     246.0   21.568293
     246.1   21.568360
     246.2   21.568427
     246.3   21.568494
     246.4   21.568561
     246.5   21.568628
     246.6   21.568695
     246.7   21.568762
     246.8   21.568830
     246.9   21.568897
     247.0   21.568964
     247.1   21.569031
     247.2   21.569099
     247.3   21.569166
     247.4   21.569233
     247.5   21.569301
     247.6   21.569368
     247.7   21.569435
     247.8   21.569503
     247.9   21.569570
     248.0   21.569638
     248.1   21.569705
     248.2   21.569773
     248.3   21.569840
     248.4   21.569908
     248.5   21.569976
     248.6   21.570043
     248.7   21.570111
     248.8   21.570179
     248.9   21.570247
     249.0   21.570314
     249.1   21.570382
     249.2   21.570450
     249.3   21.570518
     249.4   21.570586
     249.5   21.570654
     249.6   21.570722
     249.7   21.570790
     249.8   21.570858
     249.9   21.570926
     250.0   21.570994
     250.1   21.571062
     250.2   21.571130
     250.3   21.571198
     250.4   21.571266
     250.5   21.571334
     250.6   21.571403
     250.7   21.571471
     250.8   21.571539
     250.9   21.571608
     251.0   21.571676
     251.1   21.571744
     251.2   21.571813
     251.3   21.571881
     251.4   21.571949
     251.5   21.572018
     251.6   21.572086
     251.7   21.572155
     251.8   21.572224
     251.9   21.572292
     252.0   21.572361
     252.1   21.572429
     252.2   21.572498
     252.3   21.572567
     252.4   21.572636
     252.5   21.572704
     252.6   21.572773
     252.7   21.572842
     252.8   21.572911
     252.9   21.572980
     253.0   21.573048
     253.1   21.573117
     253.2   21.573186
     253.3   21.573255
     253.4   21.573324
     253.5   21.573393
     253.6   21.573462
     253.7   21.573531
     253.8   21.573601
     253.9   21.573670
     254.0   21.573739
     254.1   21.573808
     254.2   21.573877
     254.3   21.573947
     254.4   21.574016
     254.5   21.574085
     254.6   21.574155
     254.7   21.574224
     254.8   21.574293
     254.9   21.574363
     255.0   21.574432
     255.1   21.574502
     255.2   21.574571
     255.3   21.574641
     255.4   21.574710
     255.5   21.574780
     255.6   21.574849
     255.7   21.574919
     255.8   21.574989
     255.9   21.575058
     256.0   21.575128
     256.1   21.575198
     256.2   21.575268
     256.3   21.575338
     256.4   21.575407
     256.5   21.575477
     256.6   21.575547
     256.7   21.575617
     256.8   21.575687
     256.9   21.575757
     257.0   21.575827
     257.1   21.575897
     257.2   21.575967
     257.3   21.576037
     257.4   21.576107
     257.5   21.576177
     257.6   21.576248
     257.7   21.576318
     257.8   21.576388
     257.9   21.576458
     258.0   21.576529
     258.1   21.576599
     258.2   21.576669
     258.3   21.576740
     258.4   21.576810
     258.5   21.576880
     258.6   21.576951
     258.7   21.577021
     258.8   21.577092
     258.9   21.577162
     259.0   21.577233
     259.1   21.577304
     259.2   21.577374
     259.3   21.577445
     259.4   21.577516
     259.5   21.577586
     259.6   21.577657
     259.7   21.577728
     259.8   21.577799
     259.9   21.577869
     260.0   21.577940
     260.1   21.578011
     260.2   21.578082
     260.3   21.578153
     260.4   21.578224
     260.5   21.578295
     260.6   21.578366
     260.7   21.578437
     260.8   21.578508
     260.9   21.578579
     261.0   21.578650
     261.1   21.578721
     261.2   21.578792
     261.3   21.578864
     261.4   21.578935
     261.5   21.579006
     261.6   21.579077
     261.7   21.579149
     261.8   21.579220
     261.9   21.579291
     262.0   21.579363
     262.1   21.579434
     262.2   21.579506
     262.3   21.579577
     262.4   21.579649
     262.5   21.579720
     262.6   21.579792
     262.7   21.579863
     262.8   21.579935
     262.9   21.580007
     263.0   21.580078
     263.1   21.580150
     263.2   21.580222
     263.3   21.580294
     263.4   21.580365
     263.5   21.580437
     263.6   21.580509
     263.7   21.580581
     263.8   21.580653
     263.9   21.580725
     264.0   21.580797
     264.1   21.580869
     264.2   21.580941
     264.3   21.581013
     264.4   21.581085
     264.5   21.581157
     264.6   21.581229
     264.7   21.581301
     264.8   21.581373
     264.9   21.581446
     265.0   21.581518
     265.1   21.581590
     265.2   21.581662
     265.3   21.581735
     265.4   21.581807
     265.5   21.581880
     265.6   21.581952
     265.7   21.582024
     265.8   21.582097
     265.9   21.582169
     266.0   21.582242
     266.1   21.582314
     266.2   21.582387
     266.3   21.582460
     266.4   21.582532
     266.5   21.582605
     266.6   21.582678
     266.7   21.582750
     266.8   21.582823
     266.9   21.582896
     267.0   21.582969
     267.1   21.583041
     267.2   21.583114
     267.3   21.583187
     267.4   21.583260
     267.5   21.583333
     267.6   21.583406
     267.7   21.583479
     267.8   21.583552
     267.9   21.583625
     268.0   21.583698
     268.1   21.583771
     268.2   21.583844
     268.3   21.583917
     268.4   21.583991
     268.5   21.584064
     268.6   21.584137
     268.7   21.584210
     268.8   21.584284
     268.9   21.584357
     269.0   21.584430
     269.1   21.584504
     269.2   21.584577
     269.3   21.584651
     269.4   21.584724
     269.5   21.584798
     269.6   21.584871
     269.7   21.584945
     269.8   21.585018
     269.9   21.585092
     270.0   21.585165
     270.1   21.585239
     270.2   21.585313
     270.3   21.585387
     270.4   21.585460
     270.5   21.585534
     270.6   21.585608
     270.7   21.585682
     270.8   21.585756
     270.9   21.585829
     271.0   21.585903
     271.1   21.585977
     271.2   21.586051
     271.3   21.586125
     271.4   21.586199
     271.5   21.586273
     271.6   21.586347
     271.7   21.586422
     271.8   21.586496
     271.9   21.586570
     272.0   21.586644
     272.1   21.586718
     272.2   21.586793
     272.3   21.586867
     272.4   21.586941
     272.5   21.587015
     272.6   21.587090
     272.7   21.587164
     272.8   21.587239
     272.9   21.587313
     273.0   21.587388
     273.1   21.587462
     273.2   21.587537
     273.3   21.587611
     273.4   21.587686
     273.5   21.587760
     273.6   21.587835
     273.7   21.587910
     273.8   21.587984
     273.9   21.588059
     274.0   21.588134
     274.1   21.588209
     274.2   21.588283
     274.3   21.588358
     274.4   21.588433
     274.5   21.588508
     274.6   21.588583
     274.7   21.588658
     274.8   21.588733
     274.9   21.588808
     275.0   21.588883
     275.1   21.588958
     275.2   21.589033
     275.3   21.589108
     275.4   21.589183
     275.5   21.589259
     275.6   21.589334
     275.7   21.589409
     275.8   21.589484
     275.9   21.589560
     276.0   21.589635
     276.1   21.589710
     276.2   21.589786
     276.3   21.589861
     276.4   21.589936
     276.5   21.590012
     276.6   21.590087
     276.7   21.590163
     276.8   21.590238
     276.9   21.590314
     277.0   21.590390
     277.1   21.590465
     277.2   21.590541
     277.3   21.590617
     277.4   21.590692
     277.5   21.590768
     277.6   21.590844
     277.7   21.590920
     277.8   21.590995
     277.9   21.591071
     278.0   21.591147
     278.1   21.591223
     278.2   21.591299
     278.3   21.591375
     278.4   21.591451
     278.5   21.591527
     278.6   21.591603
     278.7   21.591679
     278.8   21.591755
     278.9   21.591831
     279.0   21.591907
     279.1   21.591984
     279.2   21.592060
     279.3   21.592136
     279.4   21.592212
     279.5   21.592289
     279.6   21.592365
     279.7   21.592441
     279.8   21.592518
     279.9   21.592594
     280.0   21.592671
     280.1   21.592747
     280.2   21.592824
     280.3   21.592900
     280.4   21.592977
     280.5   21.593053
     280.6   21.593130
     280.7   21.593206
     280.8   21.593283
     280.9   21.593360
     281.0   21.593437
     281.1   21.593513
     281.2   21.593590
     281.3   21.593667
     281.4   21.593744
     281.5   21.593821
     281.6   21.593897
     281.7   21.593974
     281.8   21.594051
     281.9   21.594128
     282.0   21.594205
     282.1   21.594282
     282.2   21.594359
     282.3   21.594436
     282.4   21.594514
     282.5   21.594591
     282.6   21.594668
     282.7   21.594745
     282.8   21.594822
     282.9   21.594900
     283.0   21.594977
     283.1   21.595054
     283.2   21.595132
     283.3   21.595209
     283.4   21.595286
     283.5   21.595364
     283.6   21.595441
     283.7   21.595519
     283.8   21.595596
     283.9   21.595674
     284.0   21.595751
     284.1   21.595829
     284.2   21.595906
     284.3   21.595984
     284.4   21.596062
     284.5   21.596139
     284.6   21.596217
     284.7   21.596295
     284.8   21.596373
     284.9   21.596451
     285.0   21.596528
     285.1   21.596606
     285.2   21.596684
     285.3   21.596762
     285.4   21.596840
     285.5   21.596918
     285.6   21.596996
     285.7   21.597074
     285.8   21.597152
     285.9   21.597230
     286.0   21.597308
     286.1   21.597387
     286.2   21.597465
     286.3   21.597543
     286.4   21.597621
     286.5   21.597699
     286.6   21.597778
     286.7   21.597856
     286.8   21.597934
     286.9   21.598013
     287.0   21.598091
     287.1   21.598170
     287.2   21.598248
     287.3   21.598327
     287.4   21.598405
     287.5   21.598484
     287.6   21.598562
     287.7   21.598641
     287.8   21.598720
     287.9   21.598798
     288.0   21.598877
     288.1   21.598956
     288.2   21.599034
     288.3   21.599113
     288.4   21.599192
     288.5   21.599271
     288.6   21.599350
     288.7   21.599428
     288.8   21.599507
     288.9   21.599586
     289.0   21.599665
     289.1   21.599744
     289.2   21.599823
     289.3   21.599902
     289.4   21.599981
     289.5   21.600061
     289.6   21.600140
     289.7   21.600219
     289.8   21.600298
     289.9   21.600377
     290.0   21.600457
     290.1   21.600536
     290.2   21.600615
     290.3   21.600694
     290.4   21.600774
     290.5   21.600853
     290.6   21.600933
     290.7   21.601012
     290.8   21.601092
     290.9   21.601171
     291.0   21.601251
     291.1   21.601330
     291.2   21.601410
     291.3   21.601489
     291.4   21.601569
     291.5   21.601649
     291.6   21.601728
     291.7   21.601808
     291.8   21.601888
     291.9   21.601968
     292.0   21.602048
     292.1   21.602127
     292.2   21.602207
     292.3   21.602287
     292.4   21.602367
     292.5   21.602447
     292.6   21.602527
     292.7   21.602607
     292.8   21.602687
     292.9   21.602767
     293.0   21.602847
     293.1   21.602927
     293.2   21.603008
     293.3   21.603088
     293.4   21.603168
     293.5   21.603248
     293.6   21.603328
     293.7   21.603409
     293.8   21.603489
     293.9   21.603569
     294.0   21.603650
     294.1   21.603730
     294.2   21.603811
     294.3   21.603891
     294.4   21.603972
     294.5   21.604052
     294.6   21.604133
     294.7   21.604213
     294.8   21.604294
     294.9   21.604374
     295.0   21.604455
     295.1   21.604536
     295.2   21.604617
     295.3   21.604697
     295.4   21.604778
     295.5   21.604859
     295.6   21.604940
     295.7   21.605021
     295.8   21.605101
     295.9   21.605182
     296.0   21.605263
     296.1   21.605344
     296.2   21.605425
     296.3   21.605506
     296.4   21.605587
     296.5   21.605668
     296.6   21.605750
     296.7   21.605831
     296.8   21.605912
     296.9   21.605993
     297.0   21.606074
     297.1   21.606156
     297.2   21.606237
     297.3   21.606318
     297.4   21.606400
     297.5   21.606481
     297.6   21.606562
     297.7   21.606644
     297.8   21.606725
     297.9   21.606807
     298.0   21.606888
     298.1   21.606970
     298.2   21.607051
     298.3   21.607133
     298.4   21.607215
     298.5   21.607296
     298.6   21.607378
     298.7   21.607460
     298.8   21.607541
     298.9   21.607623
     299.0   21.607705
     299.1   21.607787
     299.2   21.607869
     299.3   21.607950
     299.4   21.608032
     299.5   21.608114
     299.6   21.608196
     299.7   21.608278
     299.8   21.608360
     299.9   21.608442
     300.0   21.608524