      15.0  -6.8842376
      15.1  -8.2306368
      15.2  -11.320668
      15.3  -8.1059440
      15.4  -5.9283004
      15.5  -7.6265136
      15.6  -6.6468176
      15.7  -4.9409544
      15.8  -6.2853640
      15.9  -4.8530272
      16.0  -4.2336968
      16.1  -4.0454940
      16.2  -3.4089372
      16.3  -2.9429178
      16.4  -2.9399922
      16.5  -3.1590238
      16.6  -2.1585830
      16.7  -1.8211274
      16.8  -1.4920566
      16.9  -1.2399726
      17.0  .067802704
      17.1  -.83991160
      17.2  -.28080056
      17.3  -.73956312
      17.4   .87224656
      17.5   .31023598
      17.6   .51336380
      17.7   1.0552370
      17.8   .78843376
      17.9   1.1607590
      18.0  -.15821062
      18.1   1.6319162
      18.2   1.8623476
      18.3   2.1106370
      18.4   2.3488282
      18.5   2.4678538
      18.6   2.3193556
      18.7   3.0704996
      18.8   3.0693136
      18.9   3.3620104
      19.0   3.5624876
      19.1   3.5972412
      19.2   3.7326780
      19.3   4.1103328
      19.4   4.1791256
      19.5   4.3859004
      19.6   4.5406984
      19.7   4.7382816
      19.8   4.8120784
      19.9   5.0018768
      20.0   5.1983696
      20.1   5.3079076
      20.2   5.4658032
      20.3   5.6351556
      20.4   5.7730488
      20.5   5.9343608
      20.6   6.1477656
      20.7   6.0756620
      20.8   6.3994912
      20.9   6.4029840
      21.0   6.5638940
      21.1   6.4871920
      21.2   6.8516008
      21.3   6.9369824
      21.4   7.1292176
      21.5   7.1843944
      21.6   7.3078360
      21.7   7.4268944
      21.8   7.5469848
      21.9   7.6684408
      22.0   7.7654448
      22.1   7.8810888
      22.2   8.0533528
      22.3   8.1064808
      22.4   8.1867728
      22.5   8.2929696
      22.6   8.4093920
      22.7   8.4893472
      22.8   8.5937888
      22.9   8.6917216
      23.0   8.8002784
      23.1   8.8938112
      23.2   8.9929616
      23.3   9.0661008
      23.4   9.1695056
      23.5   9.2791448
      23.6   9.3455120
      23.7   9.4360160
      23.8   9.4974384
      23.9   9.6112888
      24.0   9.6764944
      24.1   9.7531312
      24.2   9.8453592
      24.3   9.9243280
      24.4   9.9972968
      24.5   10.080986
      24.6   10.158752
      24.7   10.235368
      24.8   10.311030
      24.9   10.383388
      25.0   10.456922
      25.1   10.529306
      25.2   10.597408
      25.3   10.670224
      25.4   10.740626
      25.5   10.808676
      25.6   10.873802
      25.7   10.940620
      25.8   11.007362
      25.9   11.073592
      26.0   11.137250
      26.1   11.202624
      26.2   11.264052
      26.3   11.327026
      26.4   11.388220
      26.5   11.456250
      26.6   11.517118
      26.7   11.567720
      26.8   11.627032
      26.9   11.685430
      27.0   11.742976
      27.1   11.800122
      27.2   11.856262
      27.3   11.910126
      27.4   11.973510
      27.5   12.028848
      27.6   12.083182
      27.7   12.135656
      27.8   12.187948
      27.9   12.240156
      28.0   12.291852
      28.1   12.342882
      28.2   12.394000
      28.3   12.443802
      28.4   12.494116
      28.5   12.541710
      28.6   12.590356
      28.7   12.638342
      28.8   12.686156
      28.9   12.733240
      29.0   12.779762
      29.1   12.826270
      29.2   12.870412
      29.3   12.918470
      29.4   12.962146
      29.5   13.007168
      29.6   13.050936
      29.7   13.094690
      29.8   13.138174
      29.9   13.181260
      30.0   13.223486
      30.1   13.265852
      30.2   13.307702
      30.3   13.350482
      30.4   13.392126
      30.5   13.431970
      30.6   13.471522
      30.7   13.511916
      30.8   13.552172
      30.9   13.589210
      31.0   13.630376
      31.1   13.669532
      31.2   13.707970
      31.3   13.746412
      31.4   13.784690
      31.5   13.822482
      31.6   13.859996
      31.7   13.897326
      31.8   13.933674
      31.9   13.977248
      32.0   14.010536
      32.1   14.048340
      32.2   14.090890
      32.3   14.119764
      32.4   14.155694
      32.5   14.191202
      32.6   14.226528
      32.7   14.265274
      32.8   14.295694
      32.9   14.330982
      33.0   14.365848
      33.1   14.399270
      33.2   14.429006
      33.3   14.467994
      33.4   14.499260
      33.5   14.534700
      33.6   14.575044
      33.7   14.598830
      33.8   14.632956
      33.9   14.666982
      34.0   14.704232
      34.1   14.702706
      34.2   14.761144
      34.3   14.794794
      34.4   14.828690
      34.5   14.859570
      34.6   14.890358
      34.7   14.923998
      34.8   14.956982
      34.9   14.991466
      35.0   15.020514
      35.1   15.056516
      35.2   15.114926
      35.3   15.108262
      35.4   15.146280
      35.5   15.181650
      35.6   15.160122
      35.7   15.237010
      35.8   15.272170
      35.9   15.312632
      36.0   15.333028
      36.1   15.368094
      36.2   15.403152
      36.3   15.469532
      36.4   15.460962
      36.5   15.507082
      36.6   15.531176
      36.7   15.589526
      36.8   15.588092
      36.9   15.626736
      37.0   15.662860
      37.1   15.699986
      37.2   15.736102
      37.3   15.659170
      37.4   15.796142
      37.5   15.837670
      37.6   15.878240
      37.7   15.933852
      37.8   15.831568
      37.9   15.969916
      38.0   16.043430
      38.1   16.071598
      38.2   16.028436
      38.3   16.098336
      38.4   16.136564
      38.5   16.241492
      38.6   16.004260
      38.7   16.180826
      38.8   16.301866
      38.9   16.320040
      39.0   16.402286
      39.1   16.473906
      39.2   16.596894
      39.3   16.650406
      39.4   16.564486
      39.5   16.518908
      39.6   16.772322
      39.7   16.619392
      39.8   16.771620
      39.9   16.862256
      40.0   17.091398
      40.1   17.132718
      40.2   14.885074
      40.3   16.552258
      40.4   16.973584
      40.5   17.053450
      40.6   17.411532
      40.7   17.529102
      40.8   11.160596
      40.9   16.333002
      41.0   17.586760
      41.1   17.586464
      41.2   16.869310
      41.3   17.854552
      41.4   17.564938
      41.5   18.298836
      41.6   9.5771056
      41.7   17.506676
      41.8   49.183220
      41.9   9.4992192
      42.0   16.444938
      42.1   18.947394
      42.2   17.377976
      42.3   18.190524
      42.4   18.928856
      42.5   17.882516
      42.6   14.567026
      42.7   14.320106
      42.8   18.057738
      42.9   17.286078
      43.0   19.583382
      43.1   11.478970
      43.2   17.006498
      43.3   18.263342
      43.4   23.262028
      43.5   19.488684
      43.6   22.825564
      43.7   9.6220248
      43.8   15.435900
      43.9   21.580784
      44.0   17.316124
      44.1   22.085882
      44.2   12.035884
      44.3   14.966100
      44.4   18.316888
      44.5   18.575594
      44.6   10.722340
      44.7  -.39147032
      44.8   20.350876
      44.9   16.724390
      45.0   18.400848
      45.1   24.635978
      45.2   1.1602522
      45.3   16.404600
      45.4   19.880762
      45.5   12.026916
      45.6   23.080772
      45.7   18.045360
      45.8   14.895218
      45.9   19.235290
      46.0   14.053812
      46.1   26.498630
      46.2   13.256112
      46.3   14.697608
      46.4   14.752136
      46.5   15.982506
      46.6  -7.1919992
      46.7   15.738586
      46.8   1.7295326
      46.9   14.409094
      47.0   15.153376
      47.1   12.128040
      47.2   17.870518
      47.3   8.1188088
      47.4   12.705138
      47.5   13.821576
      47.6   14.527378
      47.7   15.041712
      47.8   17.134650
      47.9   15.632018
      48.0   16.646508
      48.1   16.371156
      48.2   16.676338
      48.3   17.431482
      48.4   19.786762
      48.5   9.7073184
      48.6   16.498322
      48.7   13.291944
      48.8   23.448532
      48.9   17.819436
      49.0   24.080204
      49.1   7.6163112
      49.2   16.974368
      49.3   20.855556
      49.4   10.678872
      49.5   23.563740
      49.6   12.875102
      49.7   12.740012
      49.8   15.886050
      49.9   14.789644
      50.0   20.156456
      50.1   23.986176
      50.2   23.053750
      50.3   15.822510
      50.4   18.487424
      50.5   58.124244
      50.6   13.993018
      50.7   15.873280
      50.8   23.796738
      50.9   14.194532
      51.0  -1.4236160
      51.1   3.5257388
      51.2   12.355032
      51.3   14.645990
      51.4   18.727220
      51.5   3.7982496
      51.6   12.184790
      51.7   13.655056
      51.8   15.534008
      51.9   16.958390
      52.0   27.455152
      52.1   12.995198
      52.2   12.074062
      52.3   14.826446
      52.4   13.858140
      52.5   16.808168
      52.6   13.634816
      52.7   13.096814
      52.8   17.038856
      52.9   14.224126
      53.0   20.131212
      53.1   23.023344
      53.2   11.748564
      53.3   13.512820
      53.4   12.345838
      53.5   15.766312
      53.6   14.674244
      53.7   8.3575296
      53.8   12.897010
      53.9   14.187580
      54.0   15.031678
      54.1   13.982690
      54.2   14.273314
      54.3   14.001856
      54.4   14.602086
      54.5   14.656952
      54.6   15.198556
      54.7   17.839788
      54.8   15.690242
      54.9   13.614012
      55.0   14.757940
      55.1   14.926694
      55.2   15.954368
      55.3   8.7925936
      55.4   13.111500
      55.5   14.547340
      55.6   14.821172
      55.7   15.103742
      55.8   15.314306
      55.9   15.532392
      56.0   13.806962
      56.1   14.171550
      56.2   14.845438
      56.3   15.052564
      56.4   15.183642
      56.5   14.757324
      56.6   15.657626
      56.7   14.941378
      56.8   15.615632
      56.9   15.224806
      57.0   15.386012
      57.1   15.365686
      57.2   16.798430
      57.3   15.386378
      57.4   15.793032
      57.5   22.053440
      57.6   15.426250
      57.7   15.086744
      57.8   15.383462
      57.9   15.484182
      58.0   15.543658
      58.1   15.658650
      58.2   16.009014
      58.3   15.390008
      58.4   15.468146
      58.5   15.581708
      58.6   15.698022
      58.7   15.668036
      58.8   15.671418
      58.9   15.823440
      59.0   15.452922
      59.1   15.701932
      59.2   15.756570
      59.3   15.791064
      59.4   15.828890
      59.5   15.878038
      59.6   16.271328
      59.7   16.569860
      59.8   15.740374
      59.9   15.846510
      60.0   15.862550
      60.1   15.898500
      60.2   15.902924
      60.3   15.948608
      60.4   16.013306
      60.5   15.998812
      60.6   15.940010
      60.7   15.966856
      60.8   15.985622
      60.9   16.010520
      61.0   16.029518
      61.1   16.050256
      61.2   15.753272
      61.3   16.038042
      61.4   16.068626
      61.5   16.088850
      61.6   16.105320
      61.7   16.124732
      61.8   16.131862
      61.9   16.406576
      62.0   16.123550
      62.1   16.150956
      62.2   16.152802
      62.3   16.181102
      62.4   16.191952
      62.5   16.204862
      62.6   16.212572
      62.7   16.199738
      62.8   16.226944
      62.9   16.237574
      63.0   16.248850
      63.1   16.263680
      63.2   16.272882
      63.3   16.284838
      63.4   16.373596
      63.5   16.299444
      63.6   16.309862
      63.7   16.312866
      63.8   16.329816
      63.9   16.339708
      64.0   16.354530
      64.1   16.349232
      64.2   16.361972
      64.3   16.373640
      64.4   16.379820
      64.5   16.389690
      64.6   16.397190
      64.7   16.406066
      64.8   16.429440
      64.9   16.420782
      65.0   16.429544
      65.1   16.436662
      65.2   16.445962
      65.3   16.453722
      65.4   16.458160
      65.5   16.469328
      65.6   16.475466
      65.7   16.483682
      65.8   16.490786
      65.9   16.498788
      66.0   16.505618
      66.1   16.514862
      66.2   16.519950
      66.3   16.528752
      66.4   16.533456
      66.5   16.541138
      66.6   16.547610
      66.7   16.554696
      66.8   16.561124
      66.9   16.566888
      67.0   16.574670
      67.1   16.580940
      67.2   16.587830
      67.3   16.594262
      67.4   16.600512
      67.5   16.607628
      67.6   16.615916
      67.7   16.620436
      67.8   16.626456
      67.9   16.633046
      68.0   16.638926
      68.1   16.642500
      68.2   16.650352
      68.3   16.656760
      68.4   16.663012
      68.5   16.668752
      68.6   16.674750
      68.7   16.680238
      68.8   16.686194
      68.9   16.691816
      69.0   16.697586
      69.1   16.703260
      69.2   16.708764
      69.3   16.714420
      69.4   16.719800
      69.5   16.725466
      69.6   16.730948
      69.7   16.736280
      69.8   16.741716
      69.9   16.747060
      70.0   16.752348
      70.1   16.757656
      70.2   16.762866
      70.3   16.768086
      70.4   16.773278
      70.5   16.778390
      70.6   16.783514
      70.7   16.788588
      70.8   16.793642
      70.9   16.798660
      71.0   16.803638
      71.1   16.808594
      71.2   16.813508
      71.3   16.818468
      71.4   16.823260
      71.5   16.828096
      71.6   16.832898
      71.7   16.837676
      71.8   16.842420
      71.9   16.847138
      72.0   16.851830
      72.1   16.857164
      72.2   16.861788
      72.3   16.866398
      72.4   16.870978
      72.5   16.875536
      72.6   16.880064
      72.7   16.884564
      72.8   16.889044
      72.9   16.893494
      73.0   16.897924
      73.1   16.902326
      73.2   16.906712
      73.3   16.911070
      73.4   16.915402
      73.5   16.919716
      73.6   16.924000
      73.7   16.928262
      73.8   16.932508
      73.9   16.936724
      74.0   16.940924
      74.1   16.945098
      74.2   16.949256
      74.3   16.953390
      74.4   16.957502
      74.5   16.961594
      74.6   16.965664
      74.7   16.969716
      74.8   16.973748
      74.9   16.977752
      75.0   16.981748
      75.1   16.985718
      75.2   16.989672
      75.3   16.993602
      75.4   16.997516
      75.5   17.001414
      75.6   17.005288
      75.7   17.009148
      75.8   17.012986
      75.9   17.016812
      76.0   17.020616
      76.1   17.024400
      76.2   17.028164
      76.3   17.031920
      76.4   17.035656
      76.5   17.039904
      76.6   17.043602
      76.7   17.047284
      76.8   17.050952
      76.9   17.054602
      77.0   17.058240
      77.1   17.061848
      77.2   17.065456
      77.3   17.069044
      77.4   17.072618
      77.5   17.076172
      77.6   17.079724
      77.7   17.083238
      77.8   17.086750
      77.9   17.090242
      78.0   17.093728
      78.1   17.097198
      78.2   17.100652
      78.3   17.104090
      78.4   17.107516
      78.5   17.110928
      78.6   17.114326
      78.7   17.117712
      78.8   17.121084
      78.9   17.124444
      79.0   17.127790
      79.1   17.131122
      79.2   17.134438
      79.3   17.137750
      79.4   17.141044
      79.5   17.144324
      79.6   17.147596
      79.7   17.150856
      79.8   17.154100
      79.9   17.157336
      80.0   17.160556
      80.1   17.163768
      80.2   17.166968
      80.3   17.170156
      80.4   17.173332
      80.5   17.176500
      80.6   17.179652
      80.7   17.182798
      80.8   17.185930
      80.9   17.189056
      81.0   17.192610
      81.1   17.195712
      81.2   17.198800
      81.3   17.201882
      81.4   17.204952
      81.5   17.208010
      81.6   17.211064
      81.7   17.214106
      81.8   17.217138
      81.9   17.220160
      82.0   17.223176
      82.1   17.226180
      82.2   17.229174
      82.3   17.232160
      82.4   17.235138
      82.5   17.238110
      82.6   17.241064
      82.7   17.244022
      82.8   17.246964
      82.9   17.249902
      83.0   17.252832
      83.1   17.255750
      83.2   17.258664
      83.3   17.261570
      83.4   17.264468
      83.5   17.267358
      83.6   17.270240
      83.7   17.273118
      83.8   17.275988
      83.9   17.278852
      84.0   17.281706
      84.1   17.284560
      84.2   17.287400
      84.3   17.290236
      84.4   17.293068
      84.5   17.295900
      84.6   17.298716
      84.7   17.301538
      84.8   17.304400
      84.9   17.307082
      85.0   17.309918
      85.1   17.312720
      85.2   17.315544
      85.3   17.318260
      85.4   17.321052
      85.5   17.324240
      85.6   17.327028
      85.7   17.329798
      85.8   17.332562
      85.9   17.335244
      86.0   17.338044
      86.1   17.340774
      86.2   17.343622
      86.3   17.346444
      86.4   17.349048
      86.5   17.351850
      86.6   17.354700
      86.7   17.357602
      86.8   17.359688
      86.9   17.362718
      87.0   17.365040
      87.1   17.368182
      87.2   17.371044
      87.3   17.371962
      87.4   17.376422
      87.5   17.379484
      87.6   17.382264
      87.7   17.384986
      87.8   17.388460
      87.9   17.391860
      88.0   17.384094
      88.1   17.394652
      88.2   17.398132
      88.3   17.401564
      88.4   17.404250
      88.5   17.407950
      88.6   17.409956
      88.7   17.411376
      88.8   17.410414
      88.9   17.421556
      89.0   17.420372
      89.1   17.427448
      89.2   17.404992
      89.3   17.424284
      89.4   17.428840
      89.5   17.434606
      89.6   17.450972
      89.7   17.455468
      89.8   17.438694
      89.9   17.444872
      90.0   17.453812
      90.1   17.435676
      90.2   17.464598
      90.3   17.528820
      90.4   17.589512
      90.5   17.455278
      90.6   17.483624
      90.7   17.507118
      90.8   17.479982
      90.9   17.401382
      91.0   17.470544
      91.1   17.464530
      91.2   17.472882
      91.3   17.480364
      91.4   17.498728
      91.5   17.483576
      91.6   17.522238
      91.7   17.487184
      91.8   17.497010
      91.9   17.487092
      92.0   17.479278
      92.1   17.493798
      92.2   17.504302
      92.3   17.514228
      92.4   17.499962
      92.5   17.503262
      92.6   17.508738
      92.7   17.521264
      92.8   17.556640
      92.9   17.530724
      93.0   17.503172
      93.1   17.516998
      93.2   17.520764
      93.3   17.571140
      93.4   17.565102
      93.5   17.562316
      93.6   17.567508
      93.7   17.518800
      93.8   17.517450
      93.9   17.549848
      94.0   17.523438
      94.1   17.535078
      94.2   17.543460
      94.3   17.543890
      94.4   17.549652
      94.5   17.553180
      94.6   17.556290
      94.7   17.560472
      94.8   17.564802
      94.9   17.568658
      95.0   17.574470
      95.1   17.576906
      95.2   17.586284
      95.3   17.553188
      95.4   17.580440
      95.5   17.556032
      95.6   17.585676
      95.7   17.591138
      95.8   17.615248
      95.9   17.580950
      96.0   17.594916
      96.1   17.605578
      96.2   17.629712
      96.3   17.614502
      96.4   17.600592
      96.5   17.644148
      96.6   17.584374
      96.7   17.624364
      96.8   17.625678
      96.9   17.641450
      97.0   17.630800
      97.1   17.630294
      97.2   17.633182
      97.3   17.557060
      97.4   17.632374
      97.5   17.647564
      97.6   17.635062
      97.7   17.639784
      97.8   17.646612
      97.9   17.639202
      98.0   17.660438
      98.1   17.665784
      98.2   17.663238
      98.3   17.657188
      98.4   17.667610
      98.5   17.665314
      98.6   17.667528
      98.7   17.677228
      98.8   17.679404
      98.9   17.675944
      99.0   17.689598
      99.1   17.697310
      99.2   17.626326
      99.3   17.697212
      99.4   17.693444
      99.5   17.699464
      99.6   17.715916
      99.7   17.722800
      99.8   17.715250
      99.9   17.726018
     100.0   17.733826
     100.1   17.712402
     100.2   17.714164
     100.3   17.737992
     100.4   17.742612
     100.5   17.752906
     100.6   17.810626
     100.7   17.769030
     100.8   17.702438
     100.9   17.958368
     101.0   17.740922
     101.1   17.761898
     101.2   17.764700
     101.3   17.784144
     101.4   17.798284
     101.5   17.879362
     101.6   17.798560
     101.7   17.907988
     101.8   17.807344
     101.9   17.778904
     102.0   17.792002
     102.1   17.810362
     102.2   17.797218
     102.3   17.838850
     102.4   17.844618
     102.5   17.883850
     102.6   17.848002
     102.7   17.838670
     102.8   17.850328
     102.9   17.860648
     103.0   17.880352
     103.1   17.888476
     103.2   18.018994
     103.3   17.972430
     103.4   17.814882
     103.5   17.879064
     103.6   17.881368
     103.7   17.920232
     103.8   18.100136
     103.9   17.959388
     104.0   17.932378
     104.1   17.961194
     104.2   17.937352
     104.3   18.030044
     104.4   17.552018
     104.5   17.915144
     104.6   17.934748
     104.7   18.009972
     104.8   18.053372
     104.9   18.078098
     105.0   17.877318
     105.1   18.016128
     105.2   18.249122
     105.3   18.004280
     105.4   18.074348
     105.5   17.914778
     105.6   18.393162
     105.7   17.669588
     105.8   16.961006
     105.9   18.049464
     106.0   18.296618
     106.1   18.167722
     106.2   18.384412
     106.3   17.830178
     106.4   18.046508
     106.5   17.193908
     106.6   18.211388
     106.7   18.437274
     106.8   18.406844
     106.9   20.531884
     107.0   17.056518
     107.1   18.045082
     107.2   18.191284
     107.3   18.427186
     107.4   18.613464
     107.5   19.170690
     107.6   14.328440
     107.7   18.383148
     107.8   18.229468
     107.9   18.545306
     108.0   18.451968
     108.1   19.133742
     108.2   8.6264920
     108.3   12.907940
     108.4   18.308862
     108.5   21.766420
     108.6   18.103824
     108.7   19.626344
     108.8   23.420956
     108.9   17.553876
     109.0   17.782242
     109.1   18.183686
     109.2   17.637118
     109.3   19.982018
     109.4   40.755712
     109.5   16.896144
     109.6   21.050804
     109.7   17.623024
     109.8   18.204202
     109.9   18.929406
     110.0   18.070512
     110.1   17.692672
     110.2   28.813316
     110.3   18.299344
     110.4   17.619188
     110.5   18.670044
     110.6   13.967212
     110.7   16.330132
     110.8   17.442244
     110.9   17.982984
     111.0   16.942364
     111.1   18.015898
     111.2   21.635078
     111.3   9.3567968
     111.4   17.414582
     111.5   15.923450
     111.6   15.664120
     111.7   18.232428
     111.8   18.655012
     111.9   11.862770
     112.0   16.530056
     112.1   17.636726
     112.2   20.759484
     112.3   15.666580
     112.4   12.111528
     112.5   10.273876
     112.6   16.852456
     112.7   17.841094
     112.8   16.635742
     112.9   15.246894
     113.0   19.018512
     113.1   16.785224
     113.2   17.299472
     113.3   22.354102
     113.4   17.359128
     113.5   17.460158
     113.6   17.717256
     113.7   18.113852
     113.8   20.004218
     113.9   19.096106
     114.0   16.676820
     114.1   19.128676
     114.2   16.920648
     114.3   18.159258
     114.4   38.809524
     114.5   18.093368
     114.6   15.333428
     114.7   17.557318
     114.8   17.679040
     114.9   17.278122
     115.0   17.972768
     115.1   15.992412
     115.2   17.048510
     115.3   17.315344
     115.4   18.819794
     115.5   15.392030
     115.6   13.874472
     115.7   16.178576
     115.8   16.155878
     115.9   15.443056
     116.0   24.794532
     116.1   16.174278
     116.2   16.123236
     116.3   17.530680
     116.4   16.831932
     116.5   9.6714848
     116.6   16.807152
     116.7   15.797178
     116.8   16.959084
     116.9   12.129986
     117.0   16.303790
     117.1   14.256750
     117.2   16.354206
     117.3   16.670930
     117.4   17.992106
     117.5   17.097922
     117.6   16.837616
     117.7   16.489076
     117.8   16.243920
     117.9   15.792490
     118.0   16.730218
     118.1   16.858044
     118.2   16.323106
     118.3   16.924106
     118.4   17.057962
     118.5   16.940082
     118.6   16.929806
     118.7   16.994702
     118.8   16.880028
     118.9   16.980726
     119.0   16.897984
     119.1   16.881264
     119.2   16.871762
     119.3   17.062132
     119.4   17.071236
     119.5   17.065436
     119.6   17.160650
     119.7   17.055394
     119.8   17.095944
     119.9   17.133398
     120.0   17.160774
     120.1   17.168572
     120.2   17.130112
     120.3   17.254998
     120.4   17.188962
     120.5   17.266468
     120.6   17.206918
     120.7   17.173976
     120.8   17.226590
     120.9   17.234072
     121.0   17.238298
     121.1   17.253618
     121.2   17.277164
     121.3   17.239736
     121.4   17.262002
     121.5   17.268776
     121.6   17.279852
     121.7   17.294018
     121.8   17.288212
     121.9   17.297122
     122.0   17.305000
     122.1   17.315040
     122.2   17.316538
     122.3   17.276472
     122.4   17.322882
     122.5   17.303032
     122.6   17.326500
     122.7   17.338128
     122.8   17.343748
     122.9   17.350388
     123.0   17.359986
     123.1   17.269960
     123.2   17.374798
     123.3   17.362840
     123.4   17.368592
     123.5   17.373894
     123.6   17.377348
     123.7   17.381112
     123.8   17.386538
     123.9   17.399518
     124.0   17.390762
     124.1   17.376660
     124.2   17.397684
     124.3   17.404816
     124.4   17.415076
     124.5   17.411312
     124.6   17.416984
     124.7   17.400024
     124.8   17.419344
     124.9   17.418894
     125.0   17.426536
     125.1   17.426328
     125.2   17.432844
     125.3   17.436408
     125.4   17.436648
     125.5   17.442152
     125.6   17.444762
     125.7   17.447918
     125.8   17.448538
     125.9   17.452850
     126.0   17.455944
     126.1   17.456922
     126.2   17.460196
     126.3   17.463318
     126.4   17.467874
     126.5   17.468232
     126.6   17.470718
     126.7   17.473190
     126.8   17.476462
     126.9   17.478110
     127.0   17.480684
     127.1   17.483844
     127.2   17.484582
     127.3   17.487860
     127.4   17.490782
     127.5   17.491188
     127.6   17.493826
     127.7   17.495680
     127.8   17.498824
     127.9   17.500906
     128.0   17.504938
     128.1   17.504036
     128.2   17.507014
     128.3   17.509248
     128.4   17.511184
     128.5   17.513358
     128.6   17.515814
     128.7   17.517374
     128.8   17.519284
     128.9   17.521314
     129.0   17.523712
     129.1   17.525278
     129.2   17.526924
     129.3   17.528818
     129.4   17.530680
     129.5   17.532556
     129.6   17.534316
     129.7   17.536048
     129.8   17.538048
     129.9   17.539674
     130.0   17.541436
     130.1   17.543502
     130.2   17.545128
     130.3   17.546836
     130.4   17.548536
     130.5   17.550226
     130.6   17.551892
     130.7   17.553548
     130.8   17.555186
     130.9   17.556810
     131.0   17.558422
     131.1   17.560022
     131.2   17.561606
     131.3   17.563182
     131.4   17.564740
     131.5   17.566290
     131.6   17.567828
     131.7   17.569352
     131.8   17.570868
     131.9   17.572376
     132.0   17.573868
     132.1   17.575348
     132.2   17.576818
     132.3   17.578280
     132.4   17.579732
     132.5   17.581174
     132.6   17.582602
     132.7   17.584024
     132.8   17.585432
     132.9   17.586836
     133.0   17.588226
     133.1   17.589610
     133.2   17.590984
     133.3   17.592348
     133.4   17.593712
     133.5   17.595048
     133.6   17.596384
     133.7   17.597718
     133.8   17.599044
     133.9   17.600360
     134.0   17.601672
     134.1   17.602922
     134.2   17.604250
     134.3   17.605532
     134.4   17.606812
     134.5   17.608078
     134.6   17.609528
     134.7   17.610794
     134.8   17.612010
     134.9   17.613238
     135.0   17.614484
     135.1   17.615706
     135.2   17.616938
     135.3   17.618044
     135.4   17.619312
     135.5   17.620514
     135.6   17.621736
     135.7   17.622890
     135.8   17.623976
     135.9   17.625268
     136.0   17.626388
     136.1   17.627548
     136.2   17.628690
     136.3   17.629950
     136.4   17.630860
     136.5   17.632036
     136.6   17.633628
     136.7   17.634362
     136.8   17.635516
     136.9   17.636602
     137.0   17.638048
     137.1   17.638816
     137.2   17.640314
     137.3   17.641320
     137.4   17.642028
     137.5   17.643144
     137.6   17.644198
     137.7   17.645324
     137.8   17.646376
     137.9   17.647424
     138.0   17.648482
     138.1   17.649560
     138.2   17.650638
     138.3   17.651624
     138.4   17.652648
     138.5   17.653764
     138.6   17.654596
     138.7   17.655760
     138.8   17.656836
     138.9   17.657798
     139.0   17.658978
     139.1   17.660002
     139.2   17.661132
     139.3   17.662022
     139.4   17.662940
     139.5   17.663962
     139.6   17.664960
     139.7   17.665976
     139.8   17.666932
     139.9   17.667922
     140.0   17.668902
     140.1   17.669878
     140.2   17.670844
     140.3   17.671820
     140.4   17.672762
     140.5   17.673736
     140.6   17.674696
     140.7   17.675660
     140.8   17.676618
     140.9   17.677236
     141.0   17.678478
     141.1   17.679394
     141.2   17.680348
     141.3   17.681304
     141.4   17.682262
     141.5   17.683410
     141.6   17.684050
     141.7   17.684982
     141.8   17.685914
     141.9   17.686858
     142.0   17.687722
     142.1   17.688586
     142.2   17.689562
     142.3   17.690492
     142.4   17.691384
     142.5   17.692300
     142.6   17.693250
     142.7   17.694064
     142.8   17.695008
     142.9   17.695812
     143.0   17.696742
     143.1   17.697668
     143.2   17.698478
     143.3   17.699398
     143.4   17.700310
     143.5   17.701312
     143.6   17.702190
     143.7   17.703044
     143.8   17.703774
     143.9   17.704820
     144.0   17.705674
     144.1   17.706564
     144.2   17.707456
     144.3   17.708204
     144.4   17.709152
     144.5   17.710012
     144.6   17.710924
     144.7   17.711762
     144.8   17.712632
     144.9   17.713502
     145.0   17.714338
     145.1   17.714894
     145.2   17.716076
     145.3   17.716940
     145.4   17.717764
     145.5   17.718212
     145.6   17.719570
     145.7   17.719924
     145.8   17.721124
     145.9   17.721992
     146.0   17.722912
     146.1   17.723702
     146.2   17.724724
     146.3   17.725416
     146.4   17.726288
     146.5   17.727156
     146.6   17.728078
     146.7   17.728660
     146.8   17.729704
     146.9   17.730638
     147.0   17.731316
     147.1   17.732148
     147.2   17.733100
     147.3   17.733982
     147.4   17.734912
     147.5   17.735632
     147.6   17.736596
     147.7   17.737420
     147.8   17.738242
     147.9   17.739172
     148.0   17.740132
     148.1   17.741182
     148.2   17.741750
     148.3   17.742804
     148.4   17.743752
     148.5   17.744592
     148.6   17.745618
     148.7   17.746156
     148.8   17.746876
     148.9   17.747312
     149.0   17.748782
     149.1   17.749718
     149.2   17.750684
     149.3   17.751758
     149.4   17.752588
     149.5   17.753904
     149.6   17.754000
     149.7   17.754394
     149.8   17.756576
     149.9   17.757252
     150.0   17.758372
     150.1   17.758884
     150.2   17.760008
     150.3   17.760768
     150.4   17.761518
     150.5   17.763148
     150.6   17.762500
     150.7   17.764112
     150.8   17.765938
     150.9   17.764632
     151.0   17.767928
     151.1   17.768440
     151.2   17.767656
     151.3   17.771112
     151.4   17.772282
     151.5   17.771950
     151.6   17.774168
     151.7   17.775512
     151.8   17.776376
     151.9   17.776944
     152.0   17.780500
     152.1   17.819222
     152.2   17.780340
     152.3   17.782690
     152.4   17.783538
     152.5   17.784082
     152.6   17.789628
     152.7   17.783976
     152.8   17.781172
     152.9   17.786586
     153.0   17.792702
     153.1   17.812188
     153.2   17.795062
     153.3   17.808050
     153.4   17.781984
     153.5   17.785994
     153.6   17.797976
     153.7   17.797778
     153.8   17.797238
     153.9   17.798912
     154.0   17.806916
     154.1   17.826062
     154.2   17.802086
     154.3   17.808348
     154.4   17.870798
     154.5   17.824424
     154.6   18.039500
     154.7   17.774320
     154.8   18.195094
     154.9   17.811218
     155.0   17.911350
     155.1   17.751664
     155.2   17.825998
     155.3   17.879456
     155.4   17.876586
     155.5   17.807406
     155.6   17.786750
     155.7   17.842752
     155.8   17.307236
     155.9   17.840422
     156.0   17.919742
     156.1   17.360548
     156.2   17.698148
     156.3   17.799568
     156.4   17.870410
     156.5   17.814794
     156.6   17.995498
     156.7   17.627012
     156.8   17.865696
     156.9   18.089452
     157.0   17.833840
     157.1   17.861652
     157.2   18.818052
     157.3   18.061312
     157.4   17.691290
     157.5   17.970490
     157.6   17.752590
     157.7   17.882508
     157.8   18.749856
     157.9   17.702582
     158.0   17.700226
     158.1   17.767324
     158.2   17.807796
     158.3   17.609924
     158.4   17.858140
     158.5   17.804686
     158.6   16.649626
     158.7   17.765820
     158.8   17.808424
     158.9   17.754882
     159.0   17.808078
     159.1   18.070032
     159.2   17.786968
     159.3   17.840538
     159.4   17.811252
     159.5   17.872424
     159.6   17.926528
     159.7   18.208038
     159.8   17.856764
     159.9   17.863468
     160.0   17.930382
     160.1   17.689768
     160.2   17.827862
     160.3   17.677336
     160.4   17.761556
     160.5   17.883110
     160.6   17.681350
     160.7   17.763556
     160.8   17.805226
     160.9   17.793688
     161.0   17.819938
     161.1   17.971544
     161.2   19.436812
     161.3   17.763514
     161.4   17.830984
     161.5   17.686414
     161.6   17.820048
     161.7   16.973902
     161.8   17.604972
     161.9   17.775472
     162.0   17.805524
     162.1   17.911582
     162.2   18.335538
     162.3   20.255408
     162.4   17.681482
     162.5   17.765382
     162.6   17.830486
     162.7   17.694002
     162.8   17.535124
     162.9   17.877672
     163.0   17.707102
     163.1   18.152202
     163.2   17.780048
     163.3   17.601098
     163.4   17.603956
     163.5   17.730300
     163.6   17.681158
     163.7   18.248578
     163.8   17.960602
     163.9   17.855538
     164.0   17.703224
     164.1   17.843832
     164.2   17.613556
     164.3   17.708656
     164.4   17.751876
     164.5   17.792894
     164.6   17.690482
     164.7   17.394212
     164.8   17.718282
     164.9   17.714658
     165.0   17.595672
     165.1   17.816704
     165.2   17.708618
     165.3   17.766998
     165.4   17.704648
     165.5   17.762876
     165.6   17.693056
     165.7   17.751586
     165.8   17.756898
     165.9   17.760124
     166.0   17.753440
     166.1   17.756094
     166.2   17.761180
     166.3   17.741810
     166.4   17.764562
     166.5   17.788420
     166.6   17.757784
     166.7   17.767702
     166.8   17.773280
     166.9   17.769606
     167.0   17.764552
     167.1   17.780618
     167.2   17.775336
     167.3   17.782668
     167.4   17.782782
     167.5   17.778636
     167.6   17.778536
     167.7   17.783844
     167.8   17.783470
     167.9   17.783872
     168.0   17.781388
     168.1   17.785362
     168.2   17.787348
     168.3   17.799404
     168.4   17.788994
     168.5   17.790860
     168.6   17.790336
     168.7   17.793088
     168.8   17.792938
     168.9   17.792030
     169.0   17.791868
     169.1   17.795740
     169.2   17.796788
     169.3   17.798864
     169.4   17.800244
     169.5   17.799420
     169.6   17.800372
     169.7   17.801882
     169.8   17.797726
     169.9   17.802056
     170.0   17.803102
     170.1   17.805638
     170.2   17.804742
     170.3   17.805368
     170.4   17.806268
     170.5   17.807148
     170.6   17.807288
     170.7   17.808238
     170.8   17.816138
     170.9   17.809484
     171.0   17.810368
     171.1   17.811258
     171.2   17.811358
     171.3   17.812282
     171.4   17.813012
     171.5   17.813876
     171.6   17.813606
     171.7   17.814498
     171.8   17.815452
     171.9   17.815818
     172.0   17.816606
     172.1   17.817452
     172.2   17.817452
     172.3   17.818624
     172.4   17.818952
     172.5   17.819592
     172.6   17.820762
     172.7   17.820590
     172.8   17.821196
     172.9   17.821888
     173.0   17.822602
     173.1   17.822060
     173.2   17.823372
     173.3   17.823998
     173.4   17.825040
     173.5   17.825096
     173.6   17.825660
     173.7   17.826178
     173.8   17.826984
     173.9   17.827222
     174.0   17.827664
     174.1   17.828322
     174.2   17.828490
     174.3   17.829124
     174.4   17.829768
     174.5   17.830290
     174.6   17.830832
     174.7   17.831188
     174.8   17.831912
     174.9   17.832262
     175.0   17.832800
     175.1   17.833320
     175.2   17.833844
     175.3   17.834320
     175.4   17.834882
     175.5   17.835212
     175.6   17.835724
     175.7   17.836240
     175.8   17.836672
     175.9   17.837156
     176.0   17.837610
     176.1   17.838106
     176.2   17.838600
     176.3   17.839002
     176.4   17.839430
     176.5   17.839950
     176.6   17.840452
     176.7   17.840760
     176.8   17.841288
     176.9   17.841752
     177.0   17.842198
     177.1   17.842658
     177.2   17.843116
     177.3   17.843506
     177.4   17.843956
     177.5   17.844404
     177.6   17.844850
     177.7   17.845408
     177.8   17.845724
     177.9   17.846160
     178.0   17.846664
     178.1   17.846994
     178.2   17.847444
     178.3   17.847868
     178.4   17.848300
     178.5   17.848728
     178.6   17.849160
     178.7   17.849562
     178.8   17.849976
     178.9   17.850406
     179.0   17.850812
     179.1   17.851242
     179.2   17.851710
     179.3   17.852126
     179.4   17.852532
     179.5   17.852944
     179.6   17.853342
     179.7   17.853758
     179.8   17.854168
     179.9   17.854588
     180.0   17.854970
     180.1   17.855376
     180.2   17.855788
     180.3   17.856184
     180.4   17.856578
     180.5   17.856970
     180.6   17.857362
     180.7   17.857768
     180.8   17.858164
     180.9   17.858556
     181.0   17.858948
     181.1   17.859338
     181.2   17.859728
     181.3   17.860138
     181.4   17.860508
     181.5   17.860888
     181.6   17.861282
     181.7   17.861664
     181.8   17.862048
     181.9   17.862436
     182.0   17.862816
     182.1   17.863200
     182.2   17.863568
     182.3   17.863952
     182.4   17.864336
     182.5   17.864718
     182.6   17.865090
     182.7   17.865468
     182.8   17.865844
     182.9   17.866212
     183.0   17.866590
     183.1   17.866962
     183.2   17.867332
     183.3   17.867704
     183.4   17.868070
     183.5   17.868440
     183.6   17.868812
     183.7   17.869228
     183.8   17.869598
     183.9   17.869962
     184.0   17.870330
     184.1   17.870694
     184.2   17.871056
     184.3   17.871422
     184.4   17.871782
     184.5   17.872144
     184.6   17.872502
     184.7   17.872862
     184.8   17.873222
     184.9   17.873582
     185.0   17.873938
     185.1   17.874298
     185.2   17.874652
     185.3   17.875010
     185.4   17.875368
     185.5   17.875718
     185.6   17.876072
     185.7   17.876424
     185.8   17.876782
     185.9   17.877128
     186.0   17.877478
     186.1   17.877832
     186.2   17.878180
     186.3   17.878532
     186.4   17.878876
     186.5   17.879226
     186.6   17.879576
     186.7   17.879920
     186.8   17.880268
     186.9   17.880612
     187.0   17.880960
     187.1   17.881310
     187.2   17.881650
     187.3   17.881990
     187.4   17.882336
     187.5   17.882678
     187.6   17.883018
     187.7   17.883376
     187.8   17.883702
     187.9   17.884040
     188.0   17.884384
     188.1   17.884768
     188.2   17.885110
     188.3   17.885448
     188.4   17.885782
     188.5   17.886124
     188.6   17.886456
     188.7   17.886796
     188.8   17.887132
     188.9   17.887464
     189.0   17.887796
     189.1   17.888136
     189.2   17.888470
     189.3   17.888804
     189.4   17.889132
     189.5   17.889468
     189.6   17.889800
     189.7   17.890136
     189.8   17.890468
     189.9   17.890788
     190.0   17.891126
     190.1   17.891456
     190.2   17.891784
     190.3   17.892118
     190.4   17.892450
     190.5   17.892778
     190.6   17.893106
     190.7   17.893436
     190.8   17.893762
     190.9   17.894090
     191.0   17.894416
     191.1   17.894744
     191.2   17.895076
     191.3   17.895398
     191.4   17.895722
     191.5   17.896048
     191.6   17.896376
     191.7   17.896702
     191.8   17.897024
     191.9   17.897352
     192.0   17.897672
     192.1   17.897998
     192.2   17.898318
     192.3   17.898644
     192.4   17.898972
     192.5   17.899290
     192.6   17.899660
     192.7   17.899982
     192.8   17.900304
     192.9   17.900624
     193.0   17.900950
     193.1   17.901272
     193.2   17.901586
     193.3   17.901910
     193.4   17.902236
     193.5   17.902556
     193.6   17.902878
     193.7   17.903200
     193.8   17.903518
     193.9   17.903836
     194.0   17.904160
     194.1   17.904488
     194.2   17.904798
     194.3   17.905088
     194.4   17.905388
     194.5   17.905756
     194.6   17.906076
     194.7   17.906402
     194.8   17.906716
     194.9   17.907048
     195.0   17.907362
     195.1   17.907676
     195.2   17.908018
     195.3   17.908326
     195.4   17.908642
     195.5   17.908962
     195.6   17.909288
     195.7   17.909610
     195.8   17.909894
     195.9   17.910294
     196.0   17.910510
     196.1   17.910978
     196.2   17.911212
     196.3   17.911498
     196.4   17.911932
     196.5   17.912124
     196.6   17.912476
     196.7   17.912782
     196.8   17.913068
     196.9   17.913468
     197.0   17.913804
     197.1   17.914172
     197.2   17.914488
     197.3   17.914788
     197.4   17.915048
     197.5   17.915488
     197.6   17.915752
     197.7   17.916200
     197.8   17.916456
     197.9   17.916826
     198.0   17.917010
     198.1   17.917382
     198.2   17.917790
     198.3   17.918036
     198.4   17.918556
     198.5   17.918944
     198.6   17.919188
     198.7   17.918988
     198.8   17.919548
     198.9   17.918076
     199.0   17.920362
     199.1   17.920656
     199.2   17.921372
     199.3   17.921476
     199.4   17.921430
     199.5   17.920718
     199.6   17.922764
     199.7   17.922594
     199.8   17.922998
     199.9   17.924248
     200.0   17.923820
     200.1   17.924608
     200.2   17.924232
     200.3   17.925640
     200.4   17.925278
     200.5   17.925832
     200.6   17.925874
     200.7   17.926018
     200.8   17.927016
     200.9   17.927248
     201.0   17.932076
     201.1   17.927314
     201.2   17.928820
     201.3   17.927672
     201.4   17.929162
     201.5   17.928492
     201.6   17.929456
     201.7   17.928544
     201.8   17.924498
     201.9   17.930822
     202.0   17.929732
     202.1   17.931138
     202.2   17.933562
     202.3   17.939348
     202.4   17.932304
     202.5   17.946788
     202.6   17.933456
     202.7   17.932732
     202.8   17.936924
     202.9   17.931364
     203.0   17.935298
     203.1   17.936278
     203.2   17.932908
     203.3   17.934838
     203.4   17.938902
     203.5   17.932282
     203.6   17.947348
     203.7   17.934174
     203.8   17.929306
     203.9   17.932364
     204.0   17.909032
     204.1   17.934084
     204.2   17.937048
     204.3   17.937132
     204.4   17.941668
     204.5   17.931156
     204.6   17.940324
     204.7   17.936768
     204.8   17.938982
     204.9   17.928376
     205.0   17.937782
     205.1   17.940238
     205.2   17.939548
     205.3   17.917938
     205.4   17.939588
     205.5   17.941002
     205.6   17.942644
     205.7   17.942190
     205.8   17.942862
     205.9   17.944952
     206.0   17.923502
     206.1   17.943436
     206.2   17.944562
     206.3   17.947636
     206.4   17.949652
     206.5   17.946592
     206.6   17.945344
     206.7   17.945348
     206.8   17.942750
     206.9   17.947894
     207.0   17.953184
     207.1   17.951422
     207.2   17.945622
     207.3   17.955610
     207.4   17.926650
     207.5   17.946430
     207.6   17.940490
     207.7   17.951488
     207.8   17.945844
     207.9   17.951722
     208.0   17.939888
     208.1   17.951844
     208.2   17.955662
     208.3   17.946876
     208.4   17.957164
     208.5   17.966394
     208.6   17.942638
     208.7   17.951682
     208.8   17.952788
     208.9   17.954476
     209.0   17.895080
     209.1   17.946382
     209.2   17.961436
     209.3   17.940126
     209.4   17.978794
     209.5   17.945518
     209.6   17.957202
     209.7   17.959594
     209.8   17.957244
     209.9   17.965048
     210.0   17.955328
     210.1   17.958436
     210.2   17.962288
     210.3   17.940904
     210.4   17.961376
     210.5   18.007432
     210.6   17.956812
     210.7   17.957228
     210.8   17.963864
     210.9   17.964028
     211.0   18.014552
     211.1   17.981276
     211.2   17.981072
     211.3   17.938840
     211.4   17.959344
     211.5   17.949332
     211.6   17.970350
     211.7   17.979960
     211.8   17.996336
     211.9   18.003532
     212.0   17.855438
     212.1   17.950794
     212.2   17.976658
     212.3   17.952422
     212.4   17.976788
     212.5   17.986802
     212.6   18.005864
     212.7   17.779538
     212.8   17.938768
     212.9   17.976362
     213.0   17.924044
     213.1   17.941530
     213.2   17.969952
     213.3   18.028382
     213.4   17.727400
     213.5   17.962348
     213.6   17.958126
     213.7   17.955400
     213.8   17.993084
     213.9   18.098156
     214.0   18.070312
     214.1   17.935644
     214.2   18.106040
     214.3   17.939540
     214.4   17.969924
     214.5   17.989764
     214.6   18.016524
     214.7   17.758160
     214.8   17.998456
     214.9   17.367932
     215.0   17.933312
     215.1   17.963488
     215.2   17.998844
     215.3   17.815158
     215.4   17.924456
     215.5   17.945322
     215.6   17.955976
     215.7   17.906320
     215.8   17.981910
     215.9   18.023036
     216.0   18.259532
     216.1   17.959222
     216.2   17.998444
     216.3   18.026284
     216.4   17.985000
     216.5   17.942024
     216.6   18.026136
     216.7   17.970872
     216.8   18.224196
     216.9   17.902530
     217.0   17.967576
     217.1   18.096358
     217.2   17.867002
     217.3   17.911444
     217.4   17.982616
     217.5   17.905982
     217.6   17.942632
     217.7   17.976656
     217.8   17.939502
     217.9   17.903456
     218.0   17.972648
     218.1   17.961040
     218.2   17.958148
     218.3   17.965456
     218.4   17.981174
     218.5   17.873524
     218.6   18.035872
     218.7   17.803028
     218.8   18.022850
     218.9   17.942742
     219.0   18.039038
     219.1   17.888438
     219.2   17.952272
     219.3   17.943872
     219.4   18.008210
     219.5   18.050544
     219.6   17.987944
     219.7   17.757128
     219.8   17.903578
     219.9   17.973578
     220.0   18.044840
     220.1   18.301196
     220.2   17.863904
     220.3   17.321338
     220.4   17.898372
     220.5   18.101468
     220.6   17.911184
     220.7   17.784388
     220.8   17.870940
     220.9   17.522624
     221.0   17.921012
     221.1   18.105206
     221.2   17.949122
     221.3   17.662874
     221.4   17.888982
     221.5   17.925764
     221.6   17.896088
     221.7   17.894626
     221.8   17.904178
     221.9   17.921210
     222.0   18.088600
     222.1   17.910498
     222.2   17.921502
     222.3   17.934390
     222.4   17.929750
     222.5   17.919462
     222.6   17.928590
     222.7   17.927094
     222.8   17.928844
     222.9   17.934820
     223.0   17.932606
     223.1   17.931598
     223.2   17.935264
     223.3   17.936524
     223.4   17.939038
     223.5   17.940438
     223.6   17.941384
     223.7   17.943156
     223.8   17.942932
     223.9   17.943860
     224.0   17.944762
     224.1   17.944860
     224.2   17.943856
     224.3   17.946890
     224.4   17.940202
     224.5   17.947418
     224.6   17.948244
     224.7   17.950282
     224.8   17.948790
     224.9   17.950122
     225.0   17.948590
     225.1   17.950860
     225.2   17.950140
     225.3   17.951728
     225.4   17.952616
     225.5   17.953726
     225.6   17.955624
     225.7   17.953330
     225.8   17.954394
     225.9   17.955584
     226.0   17.955738
     226.1   17.956524
     226.2   17.956844
     226.3   17.957106
     226.4   17.957998
     226.5   17.957904
     226.6   17.958358
     226.7   17.958524
     226.8   17.959288
     226.9   17.959238
     227.0   17.960008
     227.1   17.956712
     227.2   17.960868
     227.3   17.961232
     227.4   17.961924
     227.5   17.961648
     227.6   17.962212
     227.7   17.962298
     227.8   17.962830
     227.9   17.963216
     228.0   17.962430
     228.1   17.963982
     228.2   17.965422
     228.3   17.964562
     228.4   17.964992
     228.5   17.965048
     228.6   17.965538
     228.7   17.965972
     228.8   17.966086
     228.9   17.966998
     229.0   17.966762
     229.1   17.967150
     229.2   17.967112
     229.3   17.967762
     229.4   17.968002
     229.5   17.968232
     229.6   17.968668
     229.7   17.968956
     229.8   17.969464
     229.9   17.969202
     230.0   17.969232
     230.1   17.970232
     230.2   17.970164
     230.3   17.970664
     230.4   17.971018
     230.5   17.971182
     230.6   17.971502
     230.7   17.972268
     230.8   17.972060
     230.9   17.972378
     231.0   17.972656
     231.1   17.972768
     231.2   17.973200
     231.3   17.973444
     231.4   17.973742
     231.5   17.974022
     231.6   17.974268
     231.7   17.974578
     231.8   17.974806
     231.9   17.975096
     232.0   17.975404
     232.1   17.975544
     232.2   17.975852
     232.3   17.976124
     232.4   17.976344
     232.5   17.976658
     232.6   17.977064
     232.7   17.977150
     232.8   17.977432
     232.9   17.977674
     233.0   17.977938
     233.1   17.978190
     233.2   17.978440
     233.3   17.978694
     233.4   17.978940
     233.5   17.979184
     233.6   17.979432
     233.7   17.979678
     233.8   17.979924
     233.9   17.980172
     234.0   17.980414
     234.1   17.980650
     234.2   17.980898
     234.3   17.981132
     234.4   17.981368
     234.5   17.981610
     234.6   17.981850
     234.7   17.982090
     234.8   17.982322
     234.9   17.982556
     235.0   17.982788
     235.1   17.983024
     235.2   17.983260
     235.3   17.983494
     235.4   17.983718
     235.5   17.983956
     235.6   17.984186
     235.7   17.984412
     235.8   17.984652
     235.9   17.984872
     236.0   17.985106
     236.1   17.985328
     236.2   17.985552
     236.3   17.985782
     236.4   17.986010
     236.5   17.986236
     236.6   17.986462
     236.7   17.986684
     236.8   17.986906
     236.9   17.987128
     237.0   17.987348
     237.1   17.987576
     237.2   17.987824
     237.3   17.988048
     237.4   17.988268
     237.5   17.988488
     237.6   17.988706
     237.7   17.988928
     237.8   17.989142
     237.9   17.989358
     238.0   17.989578
     238.1   17.989798
     238.2   17.990014
     238.3   17.990228
     238.4   17.990440
     238.5   17.990660
     238.6   17.990876
     238.7   17.991090
     238.8   17.991302
     238.9   17.991518
     239.0   17.991736
     239.1   17.991940
     239.2   17.992156
     239.3   17.992364
     239.4   17.992578
     239.5   17.992788
     239.6   17.993002
     239.7   17.993212
     239.8   17.993422
     239.9   17.993632
     240.0   17.993842
     240.1   17.994050
     240.2   17.994274
     240.3   17.994468
     240.4   17.994676
     240.5   17.994882
     240.6   17.995090
     240.7   17.995298
     240.8   17.995506
     240.9   17.995712
     241.0   17.995916
     241.1   17.996124
     241.2   17.996328
     241.3   17.996536
     241.4   17.996740
     241.5   17.996940
     241.6   17.997148
     241.7   17.997376
     241.8   17.997582
     241.9   17.997788
     242.0   17.997992
     242.1   17.998194
     242.2   17.998398
     242.3   17.998602
     242.4   17.998844
     242.5   17.999000
     242.6   17.999202
     242.7   17.999402
     242.8   17.999606
     242.9   17.999806
     243.0   18.000014
     243.1   18.000198
     243.2   18.000402
     243.3   18.000602
     243.4   18.000798
     243.5   18.000998
     243.6   18.001206
     243.7   18.001430
     243.8   18.001622
     243.9   18.001798
     244.0   18.001988
     244.1   18.002198
     244.2   18.002410
     244.3   18.002648
     244.4   18.002740
     244.5   18.002984
     244.6   18.003182
     244.7   18.003376
     244.8   18.003576
     244.9   18.003752
     245.0   18.003982
     245.1   18.004168
     245.2   18.004538
     245.3   18.004548
     245.4   18.004702
     245.5   18.004906
     245.6   18.005156
     245.7   18.005288
     245.8   18.005508
     245.9   18.005732
     246.0   18.005890
     246.1   18.006164
     246.2   18.006300
     246.3   18.006532
     246.4   18.006638
     246.5   18.006874
     246.6   18.007112
     246.7   18.007210
     246.8   18.007462
     246.9   18.007710
     247.0   18.007790
     247.1   18.008044
     247.2   18.008268
     247.3   18.008398
     247.4   18.008638
     247.5   18.008768
     247.6   18.008962
     247.7   18.009202
     247.8   18.009316
     247.9   18.009628
     248.0   18.009712
     248.1   18.009972
     248.2   18.010094
     248.3   18.010194
     248.4   18.010462
     248.5   18.010626
     248.6   18.010876
     248.7   18.011110
     248.8   18.011092
     248.9   18.011482
     249.0   18.011518
     249.1   18.011664
     249.2   18.011872
     249.3   18.012118
     249.4   18.012438
     249.5   18.012502
     249.6   18.012780
     249.7   18.012898
     249.8   18.012816
     249.9   18.013212
     250.0   18.012868
     250.1   18.013476
     250.2   18.013820
     250.3   18.014106
     250.4   18.014206
     250.5   18.014394
     250.6   18.014564
     250.7   18.014860
     250.8   18.014998
     250.9   18.015150
     251.0   18.015330
     251.1   18.015590
     251.2   18.015492
     251.3   18.015912
     251.4   18.016096
     251.5   18.016398
     251.6   18.016498
     251.7   18.016722
     251.8   18.016838
     251.9   18.017024
     252.0   18.017268
     252.1   18.017252
     252.2   18.017726
     252.3   18.018500
     252.4   18.018200
     252.5   18.018038
     252.6   18.018236
     252.7   18.018460
     252.8   18.018652
     252.9   18.018918
     253.0   18.019102
     253.1   18.019304
     253.2   18.019362
     253.3   18.019570
     253.4   18.019878
     253.5   18.020110
     253.6   18.019728
     253.7   18.019964
     253.8   18.020360
     253.9   18.020608
     254.0   18.020872
     254.1   18.021364
     254.2   18.021118
     254.3   18.021436
     254.4   18.021906
     254.5   18.021944
     254.6   18.021668
     254.7   18.022056
     254.8   18.022256
     254.9   18.022544
     255.0   18.022868
     255.1   18.022888
     255.2   18.023162
     255.3   18.023878
     255.4   18.023268
     255.5   18.023632
     255.6   18.023688
     255.7   18.024268
     255.8   18.024268
     255.9   18.024420
     256.0   18.024248
     256.1   18.025098
     256.2   18.024900
     256.3   18.025232
     256.4   18.025248
     256.5   18.025536
     256.6   18.025538
     256.7   18.026014
     256.8   18.026156
     256.9   18.026404
     257.0   18.027048
     257.1   18.026524
     257.2   18.026698
     257.3   18.026910
     257.4   18.027162
     257.5   18.027522
     257.6   18.026878
     257.7   18.027712
     257.8   18.028204
     257.9   18.028928
     258.0   18.028264
     258.1   18.028818
     258.2   18.028904
     258.3   18.029260
     258.4   18.029084
     258.5   18.030740
     258.6   18.029900
     258.7   18.028538
     258.8   18.029844
     258.9   18.031760
     259.0   18.030256
     259.1   18.030328
     259.2   18.031500
     259.3   18.031428
     259.4   18.020436
     259.5   18.031248
     259.6   18.031592
     259.7   18.032022
     259.8   18.031190
     259.9   18.032164
     260.0   18.034164
     260.1   18.023652
     260.2   18.034412
     260.3   18.031664
     260.4   18.030156
     260.5   18.028924
     260.6   18.033644
     260.7   18.036868
     260.8   18.030760
     260.9   18.034152
     261.0   18.032188
     261.1   18.034196
     261.2   18.037462
     261.3   18.029276
     261.4   18.036024
     261.5   18.031876
     261.6   18.037456
     261.7   18.037524
     261.8   18.035758
     261.9   18.035310
     262.0   18.027190
     262.1   18.038748
     262.2   18.033752
     262.3   18.035156
     262.4   18.035536
     262.5   18.034876
     262.6   18.037932
     262.7   18.036702
     262.8   18.032102
     262.9   18.035976
     263.0   18.033152
     263.1   18.036612
     263.2   18.037658
     263.3   18.042302
     263.4   18.036940
     263.5   18.039712
     263.6   18.038132
     263.7   18.039586
     263.8   18.041848
     263.9   18.024432
     264.0   18.041124
     264.1   18.041404
     264.2   18.045400
     264.3   18.035376
     264.4   18.036170
     264.5   18.035218
     264.6   18.034608
     264.7   18.039032
     264.8   18.038916
     264.9   18.038812
     265.0   18.039138
     265.1   18.039784
     265.2   18.041268
     265.3   18.042090
     265.4   18.036252
     265.5   18.040802
     265.6   18.040876
     265.7   18.040512
     265.8   18.020624
     265.9   18.044898
     266.0   18.040178
     266.1   18.042116
     266.2   18.033936
     266.3   18.065898
     266.4   18.027176
     266.5   18.039810
     266.6   18.039332
     266.7   18.044556
     266.8   18.040210
     266.9   18.041742
     267.0   18.060628
     267.1   17.995108
     267.2   18.052404
     267.3   18.041076
     267.4   18.039056
     267.5   18.042202
     267.6   18.035022
     267.7   18.039460
     267.8   18.039840
     267.9   18.045210
     268.0   18.041736
     268.1   18.039650
     268.2   18.042626
     268.3   18.042248
     268.4   18.043128
     268.5   18.034212
     268.6   18.041874
     268.7   18.043044
     268.8   18.045940
     268.9   18.042444
     269.0   18.043476
     269.1   18.044452
     269.2   18.042836
     269.3   18.043410
     269.4   18.044106
     269.5   18.045788
     269.6   18.044916
     269.7   18.047014
     269.8   18.044910
     269.9   18.045594
     270.0   18.045432
     270.1   18.045972
     270.2   18.045976
     270.3   18.046160
     270.4   18.046364
     270.5   18.046118
     270.6   18.046760
     270.7   18.047076
     270.8   18.047280
     270.9   18.047398
     271.0   18.047638
     271.1   18.047838
     271.2   18.047948
     271.3   18.048224
     271.4   18.048456
     271.5   18.048842
     271.6   18.048740
     271.7   18.048924
     271.8   18.048962
     271.9   18.049430
     272.0   18.049528
     272.1   18.049564
     272.2   18.049828
     272.3   18.049672
     272.4   18.050414
     272.5   18.050340
     272.6   18.050560
     272.7   18.050584
     272.8   18.050828
     272.9   18.050956
     273.0   18.051232
     273.1   18.051306
     273.2   18.051544
     273.3   18.051736
     273.4   18.051878
     273.5   18.052108
     273.6   18.052158
     273.7   18.052448
     273.8   18.052382
     273.9   18.052712
     274.0   18.052910
     274.1   18.053070
     274.2   18.053244
     274.3   18.053498
     274.4   18.053414
     274.5   18.053726
     274.6   18.053906
     274.7   18.054086
     274.8   18.054262
     274.9   18.054440
     275.0   18.054502
     275.1   18.054748
     275.2   18.054910
     275.3   18.055056
     275.4   18.055252
     275.5   18.055406
     275.6   18.055500
     275.7   18.055750
     275.8   18.055894
     275.9   18.056068
     276.0   18.056136
     276.1   18.056360
     276.2   18.056576
     276.3   18.056706
     276.4   18.056906
     276.5   18.057038
     276.6   18.057212
     276.7   18.057236
     276.8   18.057514
     276.9   18.057686
     277.0   18.057850
     277.1   18.058036
     277.2   18.058200
     277.3   18.058328
     277.4   18.058544
     277.5   18.058738
     277.6   18.058832
     277.7   18.059012
     277.8   18.059160
     277.9   18.059324
     278.0   18.059482
     278.1   18.059648
     278.2   18.059882
     278.3   18.059960
     278.4   18.060118
     278.5   18.060312
     278.6   18.060444
     278.7   18.060608
     278.8   18.060768
     278.9   18.060894
     279.0   18.061064
     279.1   18.061236
     279.2   18.061400
     279.3   18.061562
     279.4   18.061738
     279.5   18.061928
     279.6   18.062036
     279.7   18.062194
     279.8   18.062352
     279.9   18.062512
     280.0   18.062668
     280.1   18.062836
     280.2   18.062990
     280.3   18.063148
     280.4   18.063304
     280.5   18.063462
     280.6   18.063622
     280.7   18.063782
     280.8   18.063944
     280.9   18.064094
     281.0   18.064248
     281.1   18.064406
     281.2   18.064564
     281.3   18.064724
     281.4   18.064882
     281.5   18.065038
     281.6   18.065194
     281.7   18.065352
     281.8   18.065508
     281.9   18.065688
     282.0   18.065844
     282.1   18.066000
     282.2   18.066156
     282.3   18.066312
     282.4   18.066468
     282.5   18.066626
     282.6   18.066784
     282.7   18.066940
     282.8   18.067094
     282.9   18.067250
     283.0   18.067406
     283.1   18.067562
     283.2   18.067718
     283.3   18.067874
     283.4   18.068032
     283.5   18.068186
     283.6   18.068342
     283.7   18.068498
     283.8   18.068652
     283.9   18.068812
     284.0   18.068962
     284.1   18.069118
     284.2   18.069276
     284.3   18.069430
     284.4   18.069586
     284.5   18.069740
     284.6   18.069894
     284.7   18.070050
     284.8   18.070204
     284.9   18.070360
     285.0   18.070514
     285.1   18.070668
     285.2   18.070824
     285.3   18.070978
     285.4   18.071132
     285.5   18.071288
     285.6   18.071440
     285.7   18.071596
     285.8   18.071750
     285.9   18.071906
     286.0   18.072060
     286.1   18.072212
     286.2   18.072364
     286.3   18.072540
     286.4   18.072696
     286.5   18.072852
     286.6   18.073006
     286.7   18.073158
     286.8   18.073312
     286.9   18.073468
     287.0   18.073622
     287.1   18.073774
     287.2   18.073928
     287.3   18.074082
     287.4   18.074236
     287.5   18.074388
     287.6   18.074540
     287.7   18.074694
     287.8   18.074848
     287.9   18.075000
     288.0   18.075152
     288.1   18.075304
     288.2   18.075462
     288.3   18.075612
     288.4   18.075764
     288.5   18.075918
     288.6   18.076072
     288.7   18.076226
     288.8   18.076378
     288.9   18.076532
     289.0   18.076684
     289.1   18.076836
     289.2   18.076988
     289.3   18.077140
     289.4   18.077294
     289.5   18.077444
     289.6   18.077600
     289.7   18.077752
     289.8   18.077904
     289.9   18.078056
     290.0   18.078210
     290.1   18.078362
     290.2   18.078514
     290.3   18.078664
     290.4   18.078818
     290.5   18.078968
     290.6   18.079124
     290.7   18.079272
     290.8   18.079444
     290.9   18.079598
     291.0   18.079750
     291.1   18.079902
     291.2   18.080056
     291.3   18.080206
     291.4   18.080364
     291.5   18.080506
     291.6   18.080662
     291.7   18.080812
     291.8   18.080964
     291.9   18.081116
     292.0   18.081268
     292.1   18.081422
     292.2   18.081570
     292.3   18.081720
     292.4   18.081868
     292.5   18.082022
     292.6   18.082176
     292.7   18.082330
     292.8   18.082438
     292.9   18.082618
     293.0   18.082778
     293.1   18.082928
     293.2   18.083082
     293.3   18.083236
     293.4   18.083388
     293.5   18.083532
     293.6   18.083686
     293.7   18.083838
     293.8   18.083994
     293.9   18.084138
     294.0   18.084290
     294.1   18.084440
     294.2   18.084588
     294.3   18.084742
     294.4   18.084892
     294.5   18.085044
     294.6   18.085194
     294.7   18.085344
     294.8   18.085488
     294.9   18.085644
     295.0   18.085798
     295.1   18.085948
     295.2   18.086112
     295.3   18.086268
     295.4   18.086424
     295.5   18.086576
     295.6   18.086718
     295.7   18.086872
     295.8   18.087024
     295.9   18.087170
     296.0   18.087324
     296.1   18.087472
     296.2   18.087616
     296.3   18.087768
     296.4   18.087922
     296.5   18.088076
     296.6   18.088222
     296.7   18.088376
     296.8   18.088528
     296.9   18.088670
     297.0   18.088806
     297.1   18.088976
     297.2   18.089122
     297.3   18.089272
     297.4   18.089462
     297.5   18.089570
     297.6   18.089722
     297.7   18.089872
     297.8   18.090030
     297.9   18.090172
     298.0   18.090320
     298.1   18.090476
     298.2   18.090622
     298.3   18.090768
     298.4   18.090924
     298.5   18.091064
     298.6   18.091238
     298.7   18.091368
     298.8   18.091522
     298.9   18.091672
     299.0   18.091828
     299.1   18.091970
     299.2   18.092140
     299.3   18.092264
     299.4   18.092410
     299.5   18.092564
     299.6   18.092716
     299.7   18.092892
     299.8   18.092976
     299.9   18.092976
     300.0   18.092976