19.4865  -6.81349104248e-07
19.5592094411 -6.76466507255e-07
19.6319091121 -6.68991412711e-07
19.7046087832 -6.61702673987e-07
19.7773084543 -6.69158139011e-07
19.8500081253 -6.51899242921e-07
19.9227077964 -6.46611306165e-07
19.9954074675 -6.39694076487e-07
20.0681071385 -6.38478613202e-07
20.1408068096 -6.30919943179e-07
20.2135064806 -6.24506651281e-07
20.2862061517 -6.18512712935e-07
20.3589058228 -6.15441982488e-07
20.4316054938 -6.07846581735e-07
20.5043051649 -6.02011938522e-07
20.577004836 -5.9529106311e-07
20.649704507 -5.82518947412e-07
20.7224041781 -5.9004172126e-07
20.7951038492 -5.80985992205e-07
20.8678035202 -5.75129058489e-07
20.9405031913 -5.78020245112e-07
21.0132028624 -5.69770017389e-07
21.0859025334 -5.62034839557e-07
21.1586022045 -5.6586976227e-07
21.2313018756 -5.57938898527e-07
21.3040015466 -5.51962002104e-07
21.3767012177 -5.45917881345e-07
21.4494008888 -5.4326659138e-07
21.5221005598 -5.38479450918e-07
21.5948002309 -5.34073964831e-07
21.6674999019 -5.29764668467e-07
21.740199573 -5.2540243145e-07
21.8128992441 -5.20992786357e-07
21.8855989151 -5.17165444247e-07
21.9582985862 -5.13389709189e-07
22.0309982573 -5.09076651389e-07
22.1036979283 -5.0491037018e-07
22.1763975994 -5.00203554354e-07
22.2490972705 -4.96796875415e-07
22.3217969415 -4.9116243328e-07
22.3944966126 -4.90170646628e-07
22.4671962837 -4.86488937468e-07
22.5398959547 -4.82024672399e-07
22.6125956258 -4.7825248406e-07
22.6852952969 -4.75571489522e-07
22.7579949679 -4.71728358487e-07
22.830694639 -4.68147352439e-07
22.9033943101 -4.64513984055e-07
22.9760939811 -4.60945446368e-07
23.0487936522 -4.57048690894e-07
23.1214933232 -4.54184670651e-07
23.1941929943 -4.50628886317e-07
23.2668926654 -4.47350343769e-07
23.3395923364 -4.44210050188e-07
23.4122920075 -4.40914190381e-07
23.4849916786 -4.37315459512e-07
23.5576913496 -4.34748621547e-07
23.6303910207 -4.31315997251e-07
23.7030906918 -4.28039260369e-07
23.7757903628 -4.24623413653e-07
23.8484900339 -4.2066569661e-07
23.921189705 -4.18372737565e-07
23.993889376 -4.1649712712e-07
24.0665890471 -4.1258188066e-07
24.1392887182 -4.10331485456e-07
24.2119883892 -4.07148029957e-07
24.2846880603 -4.04400443133e-07
24.3573877314 -4.01415860996e-07
24.4300874024 -3.98882766373e-07
24.5027870735 -3.95829728328e-07
24.5754867445 -3.92998316334e-07
24.6481864156 -3.90205248446e-07
24.7208860867 -3.87414487379e-07
24.7935857577 -3.84575559509e-07
24.8662854288 -3.82090610707e-07
24.9389850999 -3.79393596872e-07
25.0116847709 -3.76731009832e-07
25.084384442 -3.74111430057e-07
25.1570841131 -3.71427538504e-07
25.2297837841 -3.68980944465e-07
25.3024834552 -3.66416413766e-07
25.3751831263 -3.63861181074e-07
25.4478827973 -3.61249711256e-07
25.5205824684 -3.58797676681e-07
25.5932821395 -3.56630557419e-07
25.6659818105 -3.54177241979e-07
25.7386814816 -3.52083344035e-07
25.8113811527 -3.49288101775e-07
25.8840808237 -3.46887685798e-07
25.9567804948 -3.44663469987e-07
26.0294801658 -3.42223858474e-07
26.1021798369 -3.39827780249e-07
26.174879508 -3.3764929952e-07
26.247579179 -3.35350890612e-07
26.3202788501 -3.33045762968e-07
26.3929785212 -3.3086993001e-07
26.4656781922 -3.28612905554e-07
26.5383778633 -3.26465781741e-07
26.6110775344 -3.24379429428e-07
26.6837772054 -3.22042849943e-07
26.7564768765 -3.20013277433e-07
26.8291765476 -3.17875581191e-07
26.9018762186 -3.15756332636e-07
26.9745758897 -3.13672764873e-07
27.0472755608 -3.115913777e-07
27.1199752318 -3.09519696096e-07
27.1926749029 -3.07496198282e-07
27.265374574 -3.05635084352e-07
27.338074245 -3.03507302957e-07
27.4107739161 -3.01520675206e-07
27.4834735871 -2.99516662361e-07
27.5561732582 -2.97558245488e-07
27.6288729293 -2.95572572528e-07
27.7015726003 -2.93688439679e-07
27.7742722714 -2.91795650753e-07
27.8469719425 -2.89864661718e-07
27.9196716135 -2.87990674641e-07
27.9923712846 -2.86114844705e-07
28.0650709557 -2.8425257903e-07
28.1377706267 -2.82406036778e-07
28.2104702978 -2.80511519568e-07
28.2831699689 -2.78750285854e-07
28.3558696399 -2.769427625e-07
28.428569311 -2.75638370906e-07
28.5012689821 -2.73403998663e-07
28.5739686531 -2.71576732991e-07
28.6466683242 -2.69879953829e-07
28.7193679953 -2.68140219917e-07
28.7920676663 -2.6640918227e-07
28.8647673374 -2.64696238705e-07
28.9374670084 -2.6298351663e-07
29.0101666795 -2.6130188957e-07
29.0828663506 -2.59603709862e-07
29.1555660216 -2.5794709424e-07
29.2282656927 -2.56289447553e-07
29.3009653638 -2.54591709936e-07
29.3736650348 -2.53024893704e-07
29.4463647059 -2.51402147877e-07
29.519064377 -2.49786303419e-07
29.591764048 -2.48178591566e-07
29.6644637191 -2.46584254793e-07
29.7371633902 -2.45002535482e-07
29.8098630612 -2.4341733118e-07
29.8825627323 -2.41864709261e-07
29.9552624034 -2.40326424872e-07
30.0279620744 -2.38779094941e-07
30.1006617455 -2.37248146795e-07
30.1733614166 -2.35714229579e-07
30.2460610876 -2.3418705164e-07
30.3187607587 -2.32730288596e-07
30.3914604297 -2.31159075992e-07
30.4641601008 -2.29748879033e-07
30.5368597719 -2.28291911597e-07
30.6095594429 -2.26800285885e-07
30.682259114 -2.25334914505e-07
30.7549587851 -2.23874982774e-07
30.8276584561 -2.22538930283e-07
30.9003581272 -2.21054490379e-07
30.9730577983 -2.19596704376e-07
31.0457574693 -2.18168467181e-07
31.1184571404 -2.16736006142e-07
31.1911568115 -2.1536262218e-07
31.2638564825 -2.13977313201e-07
31.3365561536 -2.1257119498e-07
31.4092558247 -2.11183225352e-07
31.4819554957 -2.09801659601e-07
31.5546551668 -2.08458604267e-07
31.6273548379 -2.07077051284e-07
31.7000545089 -2.05735222414e-07
31.77275418 -2.0433764969e-07
31.845453851 -2.03017955225e-07
31.9181535221 -2.01657890941e-07
31.9908531932 -2.00567402575e-07
32.0635528642 -1.99136052759e-07
32.1362525353 -1.97786591216e-07
32.2089522064 -1.95703795947e-07
32.2816518774 -1.95220278054e-07
32.3543515485 -1.9391320083e-07
32.4270512196 -1.92623959672e-07
32.4997508906 -1.91327015897e-07
32.5724505617 -1.90049741833e-07
32.6451502328 -1.88758830455e-07
32.7178499038 -1.87928700601e-07
32.7905495749 -1.86271322145e-07
32.863249246 -1.84990323171e-07
32.935948917 -1.83688655508e-07
33.0086485881 -1.8240586952e-07
33.0813482592 -1.8126961121e-07
33.1540479302 -1.79879724449e-07
33.2267476013 -1.78882475943e-07
33.2994472723 -1.77523426736e-07
33.3721469434 -1.76428855303e-07
33.4448466145 -1.75163296534e-07
33.5175462855 -1.73928676572e-07
33.5902459566 -1.72509095342e-07
33.6629456277 -1.71615652023e-07
33.7356452987 -1.70348237738e-07
33.8083449698 -1.69116880278e-07
33.8810446409 -1.6788360413e-07
33.9537443119 -1.66615236052e-07
34.026443983 -1.64933550262e-07
34.0991436541 -1.64608282338e-07
34.1718433251 -1.63352499194e-07
34.2445429962 -1.62109916602e-07
34.3172426673 -1.60885416767e-07
34.3899423383 -1.59657082333e-07
34.4626420094 -1.59785511489e-07
34.5353416805 -1.57318231331e-07
34.6080413515 -1.56260662298e-07
34.6807410226 -1.55041166683e-07
34.7534406936 -1.53844355699e-07
34.8261403647 -1.52641105089e-07
34.8988400358 -1.51368515278e-07
34.9715397068 -1.50433148272e-07
35.0442393779 -1.49110798819e-07
35.116939049 -1.47763642322e-07
35.18963872 -1.4658687697e-07
35.2623383911 -1.46368183906e-07
35.3350380622 -1.44830485049e-07
35.4077377332 -1.43590945023e-07
35.4804374043 -1.42252116309e-07
35.5531370754 -1.40611609134e-07
35.6258367464 -1.40659217163e-07
35.6985364175 -1.39107382946e-07
35.7712360886 -1.3782895536e-07
35.8439357596 -1.36554641039e-07
35.9166354307 -1.32612337111e-07
35.9893351018 -1.34484533842e-07
36.0620347728 -1.33194253849e-07
36.1347344439 -1.31938214798e-07
36.2074341149 -1.30651517716e-07
36.280133786 -1.29101901614e-07
36.3528334571 -1.31150279414e-07
36.4255331281 -1.27802598615e-07
36.4982327992 -1.25999668366e-07
36.5709324703 -1.25257192174e-07
36.6436321413 -1.23727270873e-07
36.7163318124 -1.20089043043e-07
36.7890314835 -1.22103569922e-07
36.8617311545 -1.20639156331e-07
36.9344308256 -1.19242421159e-07
37.0071304967 -1.17937952071e-07
37.0798301677 -1.16629322866e-07
37.1525298388 -1.1698191893e-07
37.2252295099 -1.13809351721e-07
37.2979291809 -1.06402398892e-07
37.370628852 -1.12104750816e-07
37.4433285231 -1.10640684836e-07
37.5160281941 -1.09425156491e-07
37.5887278652 -1.07594341658e-07
37.6614275362 -1.05804391581e-07
37.7341272073 -1.05775446402e-07
37.8068268784 -1.08355499573e-07
37.8795265494 -1.02838921046e-07
37.9522262205 -9.77185191653e-08
38.0249258916 -9.50050842441e-08
38.0976255626 -9.85838464196e-08
38.1703252337 -1.01642847805e-07
38.2430249048 -9.80944820927e-08
38.3157245758 -9.58236040516e-08
38.3884242469 -9.55070710296e-08
38.461123918 -9.2411978847e-08
38.533823589 -9.0051985091e-08
38.6065232601 -9.19979603609e-08
38.6792229312 -8.73074850194e-08
38.7519226022 -8.79240096285e-08
38.8246222733 -8.51377427447e-08
38.8973219444 -8.54187964805e-08
38.9700216154 -8.2113223443e-08
39.0427212865 -7.96993561147e-08
39.1154209575 -7.68779755411e-08
39.1881206286 -7.29631309815e-08
39.2608202997 -7.28264210048e-08
39.3335199707 -5.77288663539e-08
39.4062196418 -6.48809881376e-08
39.4789193129 -1.02208459474e-08
39.5516189839 -9.97494015165e-08
39.624318655 -7.64965805145e-08
39.6970183261 -7.02591315127e-08
39.7697179971 -6.51387446204e-08
39.8424176682 -6.01144862777e-08
39.9151173393 -5.62614094202e-08
39.9878170103 -4.82033791771e-08
40.0605166814 -6.8966876654e-09
40.1332163525 -1.29295346429e-07
40.2059160235 -1.09223521116e-07
40.2786156946 -6.72721967021e-08
40.3513153657 -5.65715542189e-08
40.4240150367 -4.75705493885e-08
40.4967147078 -4.82369212351e-08
40.5694143788 -3.79165140396e-08
40.6421140499 -4.13734989602e-08
40.714813721 -5.72268493704e-08
40.787513392 3.98627413301e-08
40.8602130631 1.39799913867e-07
40.9329127342 -6.1647023486e-08
41.0056124052 -2.29745883429e-08
41.0783120763 -3.51671550769e-08
41.1510117474 9.23089293892e-09
41.2237114184 5.06166686343e-08
41.2964110895 -3.16659911626e-08
41.3691107606 -4.10638537618e-08
41.4418104316 -1.42715206319e-08
41.5145101027 1.97323433149e-08
41.5872097738 2.82327206724e-07
41.6599094448 -4.4338477112e-08
41.7326091159 1.51748449362e-08
41.805308787 -5.80383179294e-08
41.878008458 -4.44760699381e-08
41.9507081291 -6.75441242048e-07
42.0234078001 -5.84739823228e-08
42.0961074712 1.94518507968e-08
42.1688071423 -5.46333410734e-08
42.2415068133 -1.48890400009e-08
42.3142064844 5.80121659599e-08
42.3869061555 3.32254996849e-08
42.4596058265 5.62987678698e-08
42.5323054976 4.51051059391e-07
42.6050051687 -1.57507927145e-07
42.6777048397 1.29361995338e-07
42.7504045108 -4.28529352003e-08
42.8231041819 -1.63214941562e-09
42.8958038529 -4.9126653634e-08
42.968503524 -5.81301370373e-08
43.0412031951 1.32999514069e-07
43.1139028661 -2.10858355776e-07
43.1866025372 -6.06686128002e-08
43.2593022083 -1.27793403637e-08
43.3320018793 3.03587643913e-08
43.4047015504 5.78093049652e-07
43.4774012214 4.3499997382e-08
43.5501008925 8.79754045169e-08
43.6228005636 4.46019830402e-07
43.6955002346 -5.04082364072e-07
43.7681999057 -2.37387215329e-07
43.8408995768 -4.48344567028e-08
43.9135992478 1.15496045527e-06
43.9862989189 -5.37180909754e-08
44.05899859 6.36136527898e-08
44.131698261 -1.54778943029e-06
44.2043979321 -2.42487881663e-07
44.2770976032 -2.46249831748e-07
44.3497972742 -6.48313028817e-08
44.4224969453 -5.48647056675e-08
44.4951966164 2.70088220677e-08
44.5678962874 1.48858128046e-07
44.6405959585 1.51186711594e-07
44.7132956296 -1.5002610898e-07
44.7859953006 9.2898441828e-08
44.8586949717 -2.43213800044e-06
44.9313946427 1.09027586936e-06
45.0040943138 5.31971697804e-08
45.0767939849 2.32465286798e-07
45.1494936559 -3.32996240804e-07
45.222193327 2.10595426209e-07
45.2948929981 -1.54953519349e-07
45.3675926691 -1.10543348031e-07
45.4402923402 8.53941990453e-08
45.5129920113 -1.44022219484e-07
45.5856916823 1.98787544869e-07
45.6583913534 -5.72067019977e-07
45.7310910245 1.25675325791e-06
45.8037906955 -1.71459613507e-07
45.8764903666 -4.58663719227e-08
45.9491900377 1.9966820286e-07
46.0218897087 -4.93320639894e-08
46.0945893798 3.04281106756e-07
46.1672890509 4.06720936263e-07
46.2399887219 -1.15115131782e-06
46.312688393 8.19911389893e-08
46.385388064 -2.10707257309e-07
46.4580877351 -3.33923455886e-07
46.5307874062 -9.61296198199e-09
46.6034870772 -1.09449294272e-06
46.6761867483 4.36900678302e-07
46.7488864194 -9.22626086641e-09
46.8215860904 -5.74571701439e-07
46.8942857615 -2.43349304596e-07
46.9669854326 -2.30799161227e-07
47.0396851036 -2.18155841059e-07
47.1123847747 -2.54644301312e-07
47.1850844458 -7.3848903881e-08
47.2577841168 -2.52868355821e-06
47.3304837879 -3.63275375115e-07
47.403183459 -2.62831028497e-07
47.47588313 -2.21345153428e-07
47.5485828011 -1.91162622065e-07
47.6212824722 -1.6733841246e-07
47.6939821432 -1.51874975707e-07
47.7666818143 -1.31944418391e-07
47.8393814853 -1.2565133245e-07
47.9120811564 -1.15402749468e-07
47.9847808275 -9.07127708505e-08
48.0574804985 -8.04700016621e-08
48.1301801696 -6.73178321975e-08
48.2028798407 -5.96475531189e-08
48.2755795117 -5.11396104352e-08
48.3482791828 1.20890939481e-08
48.4209788539 1.72023121969e-07
48.4936785249 -4.58912977175e-07
48.566378196 -1.16029808872e-07
48.6390778671 8.77286434608e-08
48.7117775381 -1.56562216413e-07
48.7844772092 3.82457880921e-08
48.8571768803 -5.79310077686e-08
48.9298765513 3.67659700462e-08
49.0025762224 4.31721108418e-07
49.0752758935 -1.79090850483e-07
49.1479755645 -1.12043550771e-07
49.2206752356 -7.23014659254e-09
49.2933749066 1.37504470255e-07
49.3660745777 -1.93586431996e-07
49.4387742488 -6.5551246653e-08
49.5114739198 5.29088354018e-07
49.5841735909 -7.59266139516e-07
49.656873262 -4.04071719751e-07
49.729572933 -2.23323168735e-07
49.8022726041 -6.6286317435e-08
49.8749722752 -2.68038013673e-07
49.9476719462 -9.24906209399e-08
50.0203716173 1.99390854938e-08
50.0930712884 -6.61142935954e-08
50.1657709594 -5.76401719687e-08
50.2384706305 -6.19918722577e-07
50.3111703016 -9.68417220859e-08
50.3838699726 -1.51920050317e-07
50.4565696437 8.96846746867e-07
50.5292693148 -8.80087632216e-07
50.6019689858 -2.19275584024e-07
50.6746686569 -2.74419040491e-07
50.7473683279 -6.12672867994e-09
50.820067999 6.81657081225e-07
50.8927676701 -4.4136108146e-07
50.9654673411 -2.1455032585e-06
51.0381670122 -4.09681880642e-07
51.1108666833 -4.25469456555e-07
51.1835663543 -3.99896156633e-07
51.2562660254 -1.72217380023e-07
51.3289656965 -1.23659308127e-07
51.4016653675 3.45082562525e-08
51.4743650386 5.57085265251e-07
51.5470647097 -4.98943691252e-07
51.6197643807 -2.71462509915e-07
51.6924640518 -2.25730411474e-07
51.7651637229 -1.57388444721e-07
51.8378633939 -5.79663075317e-08
51.910563065 -9.66915381095e-09
51.9832627361 -8.6008745348e-08
52.0559624071 -3.49718855208e-07
52.1286620782 -1.29357170642e-07
52.2013617492 -2.89307189538e-07
52.2740614203 -4.4152526979e-07
52.3467610914 -1.71174891928e-07
52.4194607624 1.7770795635e-07
52.4921604335 9.75047618423e-07
52.5648601046 -2.73282986463e-07
52.6375597756 -1.50230579532e-07
52.7102594467 -2.10060705608e-07
52.7829591178 -1.06470604111e-07
52.8556587888 -2.5646610835e-07
52.9283584599 -1.59421072898e-07
53.001058131 2.02081169576e-07
53.073757802 -5.53841676965e-08
53.1464574731 -2.53145679996e-06
53.2191571442 -2.30890847663e-07
53.2918568152 -2.2872742067e-07
53.3645564863 -1.56646035809e-07
53.4372561574 -2.00577249254e-07
53.5099558284 -1.33090581556e-07
53.5826554995 -1.76053543854e-07
53.6553551705 -1.04399636269e-07
53.7280548416 7.22374828843e-08
53.8007545127 -2.4141014876e-07
53.8734541837 -2.26086896093e-07
53.9461538548 5.70205516137e-08
54.0188535259 -2.03936816323e-07
54.0915531969 -2.02657905235e-07
54.164252868 -1.77001223123e-07
54.2369525391 -1.64296895755e-07
54.3096522101 -1.95718158125e-07
54.3823518812 -1.76395751228e-07
54.4550515523 -1.57513338594e-07
54.5277512233 -1.58720729115e-07
54.6004508944 -1.37977145043e-07
54.6731505655 -1.11547957538e-07
54.7458502365 -1.99949702906e-07
54.8185499076 -8.89181067665e-08
54.8912495787 -2.53928138738e-07
54.9639492497 -1.97681958025e-07
55.0366489208 -1.49647459868e-07
55.1093485918 -1.51635520806e-07
55.1820482629 -1.1992699811e-07
55.254747934 -2.86621520962e-08
55.327447605 -2.60484465664e-07
55.4001472761 -2.75134725558e-07
55.4728469472 -1.80620814638e-07
55.5455466182 -1.68022944669e-07
55.6182462893 -1.58110800452e-07
55.6909459604 -1.49266053628e-07
55.7636456314 -1.46178370186e-07
55.8363453025 -1.39185200476e-07
55.9090449736 -1.21600337466e-07
55.9817446446 -7.79499461645e-08
56.0544443157 -3.08428651064e-07
56.1271439868 -1.75972673544e-07
56.1998436578 -1.58926399041e-07
56.2725433289 -1.51381425284e-07
56.345243 -1.47123634719e-07
56.417942671 -1.4050509145e-07
56.4906423421 -1.25078125857e-07
56.5633420131 -1.29299672635e-07
56.6360416842 -5.28666513899e-08
56.7087413553 -1.50400025212e-07
56.7814410263 -1.33464897578e-07
56.8541406974 -1.46553685632e-07
56.9268403685 -1.37225732999e-07
56.9995400395 -1.31731601183e-07
57.0722397106 -1.27244214942e-07
57.1449393817 -1.24231024023e-07
57.2176390527 -1.27505434322e-07
57.2903387238 -1.34218896219e-07
57.3630383949 -1.2050435505e-07
57.4357380659 -1.046554432e-07
57.508437737 -3.2979602782e-07
57.5811374081 -1.36388006777e-07
57.6538370791 5.46641167887e-08
57.7265367502 -1.39520460851e-07
57.7992364213 -1.32591937652e-07
57.8719360923 -1.28199897032e-07
57.9446357634 -1.22337344255e-07
58.0173354344 -1.22713166961e-07
58.0900351055 -1.1881455364e-07
58.1627347766 -1.11161581939e-07
58.2354344476 -2.66179923658e-07
58.3081341187 -1.24491997933e-07
58.3808337898 -1.29518722414e-07
58.4535334608 -1.24045540506e-07
58.5262331319 -1.21003723041e-07
58.598932803 -1.14323619571e-07
58.671632474 -1.18779542424e-07
58.7443321451 -1.16383489623e-07
58.8170318162 -1.16220958746e-07
58.8897314872 -1.11774380196e-07
58.9624311583 -1.0725452404e-07
59.0351308294 -1.20682416949e-07
59.1078305004 -1.16113454407e-07
59.1805301715 -1.14058140599e-07
59.2532298426 -1.13178355687e-07
59.3259295136 -1.1134802036e-07
59.3986291847 -1.09895187506e-07
59.4713288557 -1.0834662556e-07
59.5440285268 -1.05749182522e-07
59.6167281979 -1.23717930678e-07
59.6894278689 -9.29552339546e-08
59.76212754 -1.22782040757e-07
59.8348272111 -1.12142424569e-07
59.9075268821 -1.08660040854e-07
59.9802265532 -1.08683169908e-07
60.0529262243 -1.07259453541e-07
60.1256258953 -1.06011219914e-07
60.1983255664 -1.0668121142e-07
60.2710252375 -1.04616669883e-07
60.3437249085 -1.02953129799e-07
60.4164245796 -9.95075669641e-08
60.4891242507 -1.07682306738e-07
60.5618239217 -1.06079002027e-07
60.6345235928 -1.02848764949e-07
60.7072232639 -1.02870842844e-07
60.7799229349 -1.02612654707e-07
60.852622606 -1.01374824868e-07
60.925322277 -1.00556616478e-07
60.9980219481 -9.99251508205e-08
61.0707216192 -9.87223298665e-08
61.1434212902 -9.76662759555e-08
61.2161209613 -1.0281419538e-07
61.2888206324 -1.0019119745e-07
61.3615203034 -9.88081907405e-08
61.4342199745 -9.75679135262e-08
61.5069196456 -9.69304837506e-08
61.5796193166 -9.62927917403e-08
61.6523189877 -9.56314976097e-08
61.7250186588 -9.47935800966e-08
61.7977183298 -9.4785139404e-08
61.8704180009 -9.19951790301e-08
61.943117672 -9.84456197672e-08
62.015817343 -9.4855738153e-08
62.0885170141 -9.39452988735e-08
62.1612166852 -9.31418370209e-08
62.2339163562 -9.30097630025e-08
62.3066160273 -9.20136542515e-08
62.3793156983 -9.19903473395e-08
62.4520153694 -9.15431305204e-08
62.5247150405 -9.09228331514e-08
62.5974147115 -9.0681491538e-08
62.6701143826 -9.38810922335e-08
62.7428140537 -9.05296839715e-08
62.8155137247 -8.99634150509e-08
62.8882133958 -8.96506380244e-08
62.9609130669 -8.88602479376e-08
63.0336127379 -8.87073371425e-08
63.106312409 -8.82665674995e-08
63.1790120801 -8.77620890405e-08
63.2517117511 -8.75246285448e-08
63.3244114222 -8.70661157615e-08
63.3971110933 -8.59352603522e-08
63.4698107643 -8.67495316692e-08
63.5425104354 -8.62691151848e-08
63.6152101065 -8.58997118991e-08
63.6879097775 -8.56304255281e-08
63.7606094486 -8.52085084713e-08
63.8333091196 -8.48341835669e-08
63.9060087907 -8.44794562083e-08
63.9787084618 -8.40070656372e-08
64.0514081328 -8.46777759023e-08
64.1241078039 -8.34584151788e-08
64.196807475 -8.34011897322e-08
64.269507146 -8.29892615739e-08
64.3422068171 -8.2788782052e-08
64.4149064882 -8.24565110635e-08
64.4876061592 -8.2023718817e-08
64.5603058303 -8.1836450061e-08
64.6330055014 -8.1461350554e-08
64.7057051724 -8.11640322729e-08
64.7784048435 -8.07913137502e-08
64.8511045146 -8.06007872667e-08
64.9238041856 -8.03517890002e-08
64.9965038567 -8.00416650737e-08
65.0692035278 -7.97193273616e-08
65.1419031988 -7.94648483682e-08
65.2146028699 -7.91743426376e-08
65.2873025409 -7.88725671441e-08
65.360002212 -7.8575238649e-08
65.4327018831 -7.83305855734e-08
65.5054015541 -7.79877779022e-08
65.5781012252 -7.78696593873e-08
65.6508008963 -7.75282531507e-08
65.7235005673 -7.72396349102e-08
65.7962002384 -7.69915823318e-08
65.8688999095 -7.66994020518e-08
65.9415995805 -7.64175152046e-08
66.0142992516 -7.61756232537e-08
66.0869989227 -7.58639483456e-08
66.1596985937 -7.57269111862e-08
66.2323982648 -7.54344372522e-08
66.3050979359 -7.53424633793e-08
66.3777976069 -7.48969636311e-08
66.450497278 -7.46576368504e-08
66.5231969491 -7.44291028809e-08
66.5958966201 -7.41580489239e-08
66.6685962912 -7.39133665384e-08
66.7412959622 -7.36656337041e-08
66.8139956333 -7.34181414552e-08
66.8866953044 -7.28581210918e-08
66.9593949754 -7.29478849548e-08
67.0320946465 -7.26998619083e-08
67.1047943176 -7.24656320505e-08
67.1774939886 -7.22181724422e-08
67.2501936597 -7.20040733704e-08
67.3228933308 -7.17374427639e-08
67.3955930018 -7.15277264085e-08
67.4682926729 -7.12892358479e-08
67.540992344 -7.10595015052e-08
67.613692015 -7.08016082429e-08
67.6863916861 -7.06359027935e-08
67.7590913572 -7.03893924259e-08
67.8317910282 -7.01636668765e-08
67.9044906993 -6.99251927472e-08
67.9771903704 -6.9715318074e-08
68.0498900414 -6.94902699827e-08
68.1225897125 -6.92655068857e-08
68.1952893835 -6.91555862575e-08
68.2679890546 -6.8838532763e-08
68.3406887257 -6.86279209017e-08
68.4133883967 -6.84206121759e-08
68.4860880678 -6.81997884833e-08
68.5587877389 -6.79833113137e-08
68.6314874099 -6.77593223752e-08
68.704187081 -6.7573436513e-08
68.7768867521 -6.73616289415e-08
68.8495864231 -6.71250304229e-08
68.9222860942 -6.69440340939e-08
68.9949857653 -6.67373113439e-08
69.0676854363 -6.6529339704e-08
69.1403851074 -6.63242503141e-08
69.2130847785 -6.61278437564e-08
69.2857844495 -6.59241795598e-08
69.3584841206 -6.57212085864e-08
69.4311837917 -6.55236604974e-08
69.5038834627 -6.53238783066e-08
69.5765831338 -6.51269372876e-08
69.6492828048 -6.49273774744e-08
69.7219824759 -6.47363450623e-08
69.794682147 -6.45406486033e-08
69.867381818 -6.43474824535e-08
69.9400814891 -6.41563300263e-08
70.0127811602 -6.39609362141e-08
70.0854808312 -6.37717267882e-08
70.1581805023 -6.35777546165e-08
70.2308801734 -6.33930586913e-08
70.3035798444 -6.3205032208e-08
70.3762795155 -6.30172988236e-08
70.4489791866 -6.28308847173e-08
70.5216788576 -6.26450628038e-08
70.5943785287 -6.2461309569e-08
70.6670781998 -6.22787285076e-08
70.7397778708 -6.20944663465e-08
70.8124775419 -6.19142564995e-08
70.885177213 -6.17304161121e-08
70.957876884 -6.15507069757e-08
71.0305765551 -6.13711188535e-08
71.1032762261 -6.11916571858e-08
71.1759758972 -6.10142970592e-08
71.2486755683 -6.08364802979e-08
71.3213752393 -6.06608886455e-08
71.3940749104 -6.04849558217e-08
71.4667745815 -6.03101570906e-08
71.5394742525 -6.01359241292e-08
71.6121739236 -5.99625334941e-08
71.6848735947 -5.97901699262e-08
71.7575732657 -5.96163935995e-08
71.8302729368 -5.94471821769e-08
71.9029726079 -5.92768517604e-08
71.9756722789 -5.91072694123e-08
72.04837195 -5.89382619376e-08
72.1210716211 -5.877012621e-08
72.1937712921 -5.86029521576e-08
72.2664709632 -5.84360246858e-08
72.3391706343 -5.82699795082e-08
72.4118703053 -5.8104568823e-08
72.4845699764 -5.79401703282e-08
72.5572696475 -5.77758879627e-08
72.6299693185 -5.76117430429e-08
72.7026689896 -5.74500781392e-08
72.7753686606 -5.72880209937e-08
72.8480683317 -5.71282590123e-08
72.9207680028 -5.69661491312e-08
72.9934676738 -5.68061826467e-08
73.0661673449 -5.6644676949e-08
73.138867016 -5.64880741072e-08
73.211566687 -5.63300885936e-08
73.2842663581 -5.61725341797e-08
73.3569660292 -5.60158415208e-08
73.4296657002 -5.58594585032e-08
73.5023653713 -5.57036148319e-08
73.5750650424 -5.5548878608e-08
73.6477647134 -5.53944393689e-08
73.7204643845 -5.52406725918e-08
73.7931640556 -5.50874262872e-08
73.8658637266 -5.49352701107e-08
73.9385633977 -5.4782914316e-08
74.0112630688 -5.46312280969e-08
74.0839627398 -5.44811891157e-08
74.1566624109 -5.43302844935e-08
74.2293620819 -5.4180512965e-08
74.302061753 -5.40313347397e-08
74.3747614241 -5.38825961627e-08
74.4474610951 -5.37349419405e-08
74.5201607662 -5.3587460136e-08
74.5928604373 -5.34402638808e-08
74.6655601083 -5.32937832753e-08
74.7382597794 -5.31479013022e-08
74.8109594505 -5.30024829581e-08
74.8836591215 -5.28582647652e-08
74.9563587926 -5.27133851014e-08
75.0290584637 -5.25696904896e-08
75.1017581347 -5.24264022195e-08
75.1744578058 -5.22836044459e-08
75.2471574769 -5.21412686361e-08
75.3198571479 -5.19997060966e-08
75.392556819 -5.18585432374e-08
75.4652564901 -5.17177206616e-08
75.5379561611 -5.15772293763e-08
75.6106558322 -5.14377400673e-08
75.6833555032 -5.12985173229e-08
75.7560551743 -5.11596934816e-08
75.8287548454 -5.10213420402e-08
75.9014545164 -5.08834545609e-08
75.9741541875 -5.0746175706e-08
76.0468538586 -5.06092631136e-08
76.1195535296 -5.04727689643e-08
76.1922532007 -5.03371443417e-08
76.2649528718 -5.0201375168e-08
76.3376525428 -5.00663579484e-08
76.4103522139 -4.99317888147e-08
76.483051885 -4.97976140323e-08
76.555751556 -4.96639018799e-08
76.6284512271 -4.95306190507e-08
76.7011508982 -4.93976247684e-08
76.7738505692 -4.92654098627e-08
76.8465502403 -4.91336002995e-08
76.9192499114 -4.9001859459e-08
76.9919495824 -4.887072802e-08
77.0646492535 -4.87400813043e-08
77.1373489245 -4.86098509223e-08
77.2100485956 -4.84799749234e-08
77.2827482667 -4.83505473436e-08
77.3554479377 -4.8221488691e-08
77.4281476088 -4.8093195204e-08
77.5008472799 -4.79646240503e-08
77.5735469509 -4.78367994106e-08
77.646246622 -4.77094173057e-08
77.7189462931 -4.758235983e-08
77.7916459641 -4.74557070307e-08
77.8643456352 -4.73294627934e-08
77.9370453063 -4.72036074672e-08
78.0097449773 -4.70781031936e-08
78.0824446484 -4.69530118119e-08
78.1551443195 -4.68282681521e-08
78.2278439905 -4.67036956886e-08
78.3005436616 -4.65800007454e-08
78.3732433327 -4.64563878477e-08
78.4459430037 -4.63331111256e-08
78.5186426748 -4.62102084375e-08
78.5913423458 -4.60876780073e-08
78.6640420169 -4.5965505846e-08
78.736741688 -4.58436943962e-08
78.809441359 -4.572223955e-08
78.8821410301 -4.56011125527e-08
78.9548407012 -4.54803361638e-08
79.0275403722 -4.53600907946e-08
79.1002400433 -4.5239733959e-08
79.1729397144 -4.51199715368e-08
79.2456393854 -4.50007209274e-08
79.3183390565 -4.48816522836e-08
79.3910387276 -4.47629047162e-08
79.4637383986 -4.46444896607e-08
79.5364380697 -4.45264010107e-08
79.6091377408 -4.44086344364e-08
79.6818374118 -4.42911785026e-08
79.7545370829 -4.41740984902e-08
79.827236754 -4.40571941152e-08
79.899936425 -4.39407754627e-08
79.9726360961 -4.38243502598e-08
80.0453357671 -4.37087246397e-08
80.1180354382 -4.35931496456e-08
80.1907351093 -4.3477880407e-08
80.2634347803 -4.33629121499e-08
80.3361344514 -4.32482373247e-08
80.4088341225 -4.31338772477e-08
80.4815337935 -4.30197891754e-08
80.5542334646 -4.29060400542e-08
80.6269331357 -4.2792515087e-08
80.6996328067 -4.26793075325e-08
80.7723324778 -4.25663674308e-08
80.8450321489 -4.24537286436e-08
80.9177318199 -4.23413628603e-08
80.990431491 -4.22292730784e-08
81.0631311621 -4.21174520815e-08
81.1358308331 -4.20059055317e-08
81.2085305042 -4.1894628322e-08
81.2812301753 -4.17836167887e-08
81.3539298463 -4.16728596075e-08
81.4266295174 -4.15623432337e-08
81.4993291884 -4.14520522352e-08
81.5720288595 -4.1342221091e-08
81.6447285306 -4.12325086296e-08
81.7174282016 -4.11230505204e-08
81.7901278727 -4.10138510931e-08
81.8628275438 -4.09048828143e-08
81.9355272148 -4.07961623372e-08
82.0082268859 -4.06877146419e-08
82.080926557 -4.05794844394e-08
82.153626228 -4.04714916025e-08
82.2263258991 -4.03637530066e-08
82.2990255702 -4.02562682078e-08
82.3717252412 -4.01489564927e-08
82.4444249123 -4.00418944668e-08
82.5171245834 -3.99350627012e-08
82.5898242544 -3.98284561998e-08
82.6625239255 -3.9722071965e-08
82.7352235966 -3.96159074434e-08
82.8079232676 -3.95099600814e-08
82.8806229387 -3.94042271035e-08
82.9533226097 -3.9298705734e-08
83.0260222808 -3.91934014132e-08
83.0987219519 -3.9088294268e-08
83.1714216229 -3.89833946235e-08
83.244121294 -3.88786964844e-08
83.3168209651 -3.8774210176e-08
83.3895206361 -3.86699088306e-08
83.4622203072 -3.85657998869e-08
83.5349199783 -3.84618833449e-08
83.6076196493 -3.83581573171e-08
83.6803193204 -3.82546171407e-08
83.7530189915 -3.81512558212e-08
83.8257186625 -3.80480861262e-08
83.8984183336 -3.7945109721e-08
83.9711180047 -3.78422616576e-08
84.0438176757 -3.77396038864e-08
84.1165173468 -3.763711931e-08
84.1892170179 -3.7534790609e-08
84.2619166889 -3.74326182273e-08
84.33461636 -3.73305992785e-08
84.407316031 -3.72287051187e-08
84.4800157021 -3.71269005539e-08
84.5527153732 -3.70226655999e-08
84.6254150442 -3.6922552793e-08
84.6981147153 -3.68225016034e-08
84.7708143864 -3.67202901419e-08
84.8435140574 -3.66710594113e-08
84.9162137285 -3.65222825316e-08
84.9889133996 -3.64206506065e-08
85.0616130706 -3.63196734909e-08
85.1343127417 -3.62188073977e-08
85.2070124128 -3.61173719821e-08
85.2797120838 -3.60224688967e-08
85.3524117549 -3.59200778011e-08
85.425111426 -3.58194520711e-08
85.497811097 -3.57192541101e-08
85.5705107681 -3.5619205252e-08
85.6432104392 -3.55193403578e-08
85.7159101102 -3.54193516738e-08
85.7886097813 -3.53187551427e-08
85.8613094523 -3.52067527354e-08
85.9340091234 -3.51240495577e-08
86.0067087945 -3.5023758338e-08
86.0794084655 -3.4903210544e-08
86.1521081366 -3.4824826467e-08
86.2248078077 -3.47265860512e-08
86.2975074787 -3.46193528289e-08
86.3702071498 -3.4532003701e-08
86.4429068209 -3.44303313637e-08
86.5156064919 -3.43279531467e-08
86.588306163 -3.42274076859e-08
86.6610058341 -3.41324435382e-08
86.7337055051 -3.40247066077e-08
86.8064051762 -3.39522653325e-08
86.8791048473 -3.38432115665e-08
86.9518045183 -3.37375031245e-08
87.0245041894 -3.36438319426e-08
87.0972038605 -3.35477223778e-08
87.1699035315 -3.34568478477e-08
87.2426032026 -3.33426917187e-08
87.3153028736 -3.33104817063e-08
87.3880025447 -3.31525037423e-08
87.4607022158 -3.30474519972e-08
87.5334018868 -3.29495166707e-08
87.6061015579 -3.28598868116e-08
87.678801229 -3.27352833729e-08
87.7515009 -3.26269410378e-08
87.8242005711 -3.24786181283e-08
87.8969002422 -3.23803303059e-08
87.9695999132 -3.24190512213e-08
88.0422995843 -3.21945341497e-08
88.1149992554 -3.21992762453e-08
88.1876989264 -3.20741505577e-08
88.2603985975 -3.19610427013e-08
88.3330982686 -3.19043722552e-08
88.4057979396 -3.17504187386e-08
88.4784976107 -3.16179371573e-08
88.5511972818 -3.13590921008e-08
88.6238969528 -3.14858101813e-08
88.6965966239 -3.1410525958e-08
88.7692962949 -3.10926582259e-08
88.841995966 -3.11415536691e-08
88.9146956371 -3.01378465517e-08
88.9873953081 -3.10328558406e-08
89.0600949792 -3.07888236017e-08
89.1327946503 -2.88430787032e-08
89.2054943213 -3.10197387776e-08
89.2781939924 -3.22288794541e-08
89.3508936635 -3.23647715295e-08
89.4235933345 -3.04505153315e-08
89.4962930056 -3.02509529648e-08
89.5689926767 -3.14705195237e-08
89.6416923477 -3.01630290744e-08
89.7143920188 -2.95647865078e-08
89.7870916899 -3.03534970492e-08
89.8597913609 -2.99377719282e-08
89.932491032 -2.96731662575e-08
90.0051907031 -2.9327096418e-08
90.0778903741 -2.51103551285e-08
90.1505900452 -2.93523427786e-08
90.2232897162 -2.81625327503e-08
90.2959893873 -2.80368280814e-08
90.3686890584 -2.96449967907e-08
90.4413887294 -2.9770046539e-08
90.5140884005 -2.9201570273e-08
90.5867880716 -2.87418370215e-08
90.6594877426 -2.863434867e-08
90.7321874137 -2.90530963731e-08
90.8048870848 -2.80331440283e-08
90.8775867558 -2.72793678757e-08
90.9502864269 -2.81124907797e-08
91.022986098 -2.97668594218e-08
91.095685769 -2.88325403552e-08
91.1683854401 -2.85151212642e-08
91.2410851112 -2.82574444954e-08
91.3137847822 -2.79552945237e-08
91.3864844533 -2.6538514053e-08
91.4591841244 -2.82787517847e-08
91.5318837954 -2.76235740948e-08
91.6045834665 -2.59649113321e-08
91.6772831375 -2.80785504847e-08
91.7499828086 -2.79542101689e-08
91.8226824797 -2.68243369739e-08
91.8953821507 -2.81049328255e-08
91.9680818218 -2.89991257674e-08
92.0407814929 -2.76878109329e-08
92.1134811639 -2.72880852359e-08
92.186180835 -2.69188167312e-08
92.2588805061 -2.55528678217e-08
92.3315801771 -2.97730061716e-08
92.4042798482 -2.65645964115e-08
92.4769795193 -2.70465853047e-08
92.5496791903 -2.49443611322e-08
92.6223788614 -2.6468762182e-08
92.6950785325 -2.60197846602e-08
92.7677782035 -2.51607130686e-08
92.8404778746 -2.60666829233e-08
92.9131775457 -2.44707043517e-08
92.9858772167 -2.77322188547e-08
93.0585768878 -2.68187708707e-08
93.1312765588 -2.57602894571e-08
93.2039762299 -2.57958436833e-08
93.276675901 -2.54646704834e-08
93.349375572 -2.50267073731e-08
93.4220752431 -2.84699378517e-08
93.4947749142 -2.41810584889e-08
93.5674745852 -2.52654018817e-08
93.6401742563 -2.72047114835e-08
93.7128739274 -2.38729851443e-08
93.7855735984 -2.60014954012e-08
93.8582732695 -2.53063514588e-08
93.9309729406 -3.33240396388e-08
94.0036726116 -2.58188079805e-08
94.0763722827 -2.54001106814e-08
94.1490719538 -2.51529121975e-08
94.2217716248 -2.60068585556e-08
94.2944712959 -2.48837231931e-08
94.367170967 -2.46971765261e-08
94.439870638 -2.4508269747e-08
94.5125703091 -2.46078029065e-08
94.5852699801 -2.43089953722e-08
94.6579696512 -2.41625477404e-08
94.7306693223 -2.4014464306e-08
94.8033689933 -2.38667526853e-08
94.8760686644 -2.37476444065e-08
94.9487683355 -2.33835347752e-08
95.0214680065 -2.3663339177e-08
95.0941676776 -2.33064229027e-08
95.1668673487 -2.29782584071e-08
95.2395670197 -2.22433772512e-08
95.3122666908 -2.40337116875e-08
95.3849663619 -2.31403215478e-08
95.4576660329 -2.23767862018e-08
95.530365704 -2.33298502739e-08
95.6030653751 -2.28288941084e-08
95.6757650461 -2.25278318222e-08
95.7484647172 -2.22122045201e-08
95.8211643883 -2.34246650965e-08
95.8938640593 -2.34641397423e-08
95.9665637304 -2.26013161519e-08
96.0392634014 -2.23596737792e-08
96.1119630725 -2.17846944928e-08
96.1846627436 -2.10831151426e-08
96.2573624146 -2.24016939443e-08
96.3300620857 -2.05312636892e-08
96.4027617568 -2.20213196567e-08
96.4754614278 -2.11467467981e-08
96.5481610989 -2.49496043825e-08
96.62086077 -2.18824687259e-08
96.693560441 -2.10913903009e-08
96.7662601121 -2.2565947333e-08
96.8389597832 -2.22119671545e-08
96.9116594542 -2.03687733347e-08
96.9843591253 -2.0850284832e-08
97.0570587964 -2.12803202837e-08
97.1297584674 -1.91758371404e-08
97.2024581385 -2.03701087109e-08
97.2751578096 -1.43889697934e-08
97.3478574806 -2.080083783e-08
97.4205571517 -2.0474418605e-08
97.4932568227 -1.9827329778e-08
97.5659564938 -2.30923875577e-08
97.6386561649 -1.90775468756e-08
97.7113558359 -1.99036920279e-08
97.784055507 -1.99946382784e-08
97.8567551781 -1.94274982768e-08
97.9294548491 -1.98957063047e-08
98.0021545202 -1.90840362402e-08
98.0748541913 -1.85997318658e-08
98.1475538623 -2.81981216155e-08
98.2202535334 -1.91983072773e-08
98.2929532045 -1.93101802326e-08
98.3656528755 -1.93065688991e-08
98.4383525466 -1.8969923854e-08
98.5110522177 -1.86351684084e-08
98.5837518887 -1.51711070373e-08
98.6564515598 -1.74406822318e-08
98.7291512309 -1.98052492184e-08
98.8018509019 -1.83015099742e-08
98.874550573 -1.80306879427e-08
98.947250244 -1.87141563357e-08
99.0199499151 -1.72994656378e-08
99.0926495862 -1.74437817524e-08
99.1653492572 -1.62342701504e-08
99.2380489283 -1.69238864034e-08
99.3107485994 -1.6954294968e-08
99.3834482704 -1.78616297308e-08
99.4561479415 -1.76781939087e-08
99.5288476126 -1.70085495688e-08
99.6015472836 -1.64534517122e-08
99.6742469547 -1.66327629447e-08
99.7469466258 -1.58065378564e-08
99.8196462968 -1.49023240414e-08
99.8923459679 -1.60072141098e-08
99.965045639 -1.24275727487e-08
100.03774531 -2.92886140896e-08
100.110444981 -1.63691102895e-08
100.183144652 -1.59288950918e-08
100.255844323 -1.56531564377e-08
100.328543994 -1.53987875784e-08
100.401243665 -1.50934401644e-08
100.473943336 -1.50895669293e-08
100.546643007 -1.4716093899e-08
100.619342679 -1.4867485798e-08
100.69204235 -1.41207325832e-08
100.764742021 -1.31286018723e-08
100.837441692 -1.37159167357e-08
100.910141363 -1.75918427603e-08
100.982841034 -1.48718170001e-08
101.055540705 -1.42211505905e-08
101.128240376 -1.39054472381e-08
101.200940047 -1.38656695015e-08
101.273639718 -1.36805050621e-08
101.346339389 -1.38691523821e-08
101.41903906 -1.05406832152e-08
101.491738731 -1.17929125354e-08
101.564438402 -1.2740274391e-08
101.637138073 -1.17740742711e-08
101.709837745 -5.39512623465e-09
101.782537416 -1.23783111539e-08
101.855237087 -1.71284649797e-08
101.927936758 -1.21396911412e-08
102.000636429 -1.22684983284e-08
102.0733361 -1.207147593e-08
102.146035771 -1.1450636217e-08
102.218735442 -1.11320586083e-08
102.291435113 -1.04258328637e-08
102.364134784 -1.02235997446e-08
102.436834455 -9.24826559778e-09
102.509534126 -5.55340118336e-09
102.582233797 -2.22085839718e-08
102.654933468 -1.16270799655e-08
102.727633139 -9.72504277108e-09
102.80033281 -9.60204349365e-09
102.873032482 -1.0637933423e-08
102.945732153 -9.07140884632e-09
103.018431824 -8.80198403053e-09
103.091131495 -7.87757392651e-09
103.163831166 -5.71674019234e-09
103.236530837 -8.51431569693e-09
103.309230508 -3.16616111107e-09
103.381930179 -1.80636891001e-08
103.45462985 -9.46271105917e-09
103.527329521 -8.24300327995e-09
103.600029192 -4.42692138503e-09
103.672728863 -6.30322294359e-09
103.745428534 -1.64926194923e-09
103.818128205 -1.28677400957e-08
103.890827876 -5.70581459858e-09
103.963527548 -7.17668213746e-09
104.036227219 -2.05777661577e-09
104.10892689 -4.06459232938e-09
104.181626561 -1.5985725299e-08
104.254326232 -3.3100033825e-09
104.327025903 7.74657449298e-10
104.399725574 -2.39929300871e-08
104.472425245 -3.47970696701e-09
104.545124916 -9.68330970963e-10
104.617824587 -4.24422952339e-09
104.690524258 -2.50152731862e-09
104.763223929 1.11103570788e-09
104.8359236 -7.31553295719e-09
104.908623271 2.55367615942e-09
104.981322942 6.52450338201e-09
105.054022614 -2.02223793266e-08
105.126722285 1.14518394767e-10
105.199421956 7.49350981266e-09
105.272121627 5.91267501626e-09
105.344821298 -6.8097438799e-10
105.417520969 2.30901631149e-09
105.49022064 9.84037828999e-09
105.562920311 7.38774064146e-09
105.635619982 2.61101207322e-09
105.708319653 6.60659082996e-10
105.781019324 1.78264691897e-09
105.853718995 -1.00206841713e-08
105.926418666 2.53989096421e-09
105.999118337 1.28127659593e-08
106.071818008 4.2982815085e-09
106.144517679 9.32868560177e-09
106.217217351 8.58831228356e-09
106.289917022 -3.38637007324e-10
106.362616693 -3.17748960477e-09
106.435316364 1.40697604678e-08
106.508016035 -6.66377808489e-09
106.580715706 5.60746027389e-09
106.653415377 9.56161461119e-09
106.726115048 5.51480972e-08
106.798814719 1.07971165342e-09
106.87151439 2.97531883575e-08
106.944214061 8.16659451175e-09
107.016913732 -1.84321130581e-08
107.089613403 -1.24659338407e-09
107.162313074 -1.34292726939e-08
107.235012745 7.78074249475e-09
107.307712417 3.51288131917e-09
107.380412088 2.18761344595e-08
107.453111759 2.99238112067e-08
107.52581143 -1.43312605894e-07
107.598511101 -9.75060080455e-08
107.671210772 5.6662732284e-09
107.743910443 8.59826698729e-09
107.816610114 -2.51621292691e-08
107.889309785 3.52193363362e-09
107.962009456 -2.32841197434e-08
108.034709127 2.10030999259e-08
108.107408798 5.55811434655e-08
108.180108469 8.67622833578e-08
108.25280814 1.18050438314e-08
108.325507811 -2.94094572029e-08
108.398207482 8.76417893814e-09
108.470907154 -2.40184233613e-08
108.543606825 -3.29102426422e-08
108.616306496 1.64999018892e-08
108.689006167 4.79592834335e-08
108.761705838 2.1467749689e-07
108.834405509 -1.45131379137e-07
108.90710518 -2.01698818758e-08
108.979804851 -2.55893538581e-08
109.052504522 9.40164812668e-09
109.125204193 5.76098324601e-09
109.197903864 5.26912113941e-08
109.270603535 6.18843825073e-08
109.343303206 3.60327567783e-08
109.416002877 -1.83518180763e-07
109.488702548 -8.738604651e-08
109.56140222 5.26286458857e-09
109.634101891 -1.13030278137e-07
109.706801562 -1.74893957094e-08
109.779501233 1.62812652249e-09
109.852200904 2.36820181243e-08
109.924900575 5.74740439685e-08
109.997600246 -2.45476833305e-08
110.070299917 -1.25725660327e-07
110.142999588 1.06721891102e-07
110.215699259 -3.56401422041e-07
110.28839893 -3.83594507269e-08
110.361098601 -4.15795976538e-08
110.433798272 -3.53300488865e-09
110.506497943 3.96371007128e-08
110.579197614 -1.37667843136e-06
110.651897286 3.6410398252e-08
110.724596957 -6.9822724047e-08
110.797296628 -3.02104886662e-08
110.869996299 -1.53475313569e-08
110.94269597 1.96720613133e-08
111.015395641 -3.06888798818e-08
111.088095312 -4.19602275148e-09
111.160794983 4.18831276328e-08
111.233494654 1.09306270701e-08
111.306194325 -1.55635392018e-07
111.378893996 -5.17527447563e-08
111.451593667 -2.63902943942e-09
111.524293338 2.11308526232e-09
111.596993009 -7.86553158161e-08
111.66969268 9.70979403547e-08
111.742392351 -1.4256597014e-08
111.815092023 5.06402613176e-08
111.887791694 -7.52741441512e-07
111.960491365 2.25964172262e-07
112.033191036 -2.61638664734e-07
112.105890707 -5.91400906025e-09
112.178590378 4.87449067776e-08
112.251290049 5.54857208623e-07
112.32398972 -7.0983565803e-08
112.396689391 6.43342108253e-07
112.469389062 8.86990965121e-08
112.542088733 -1.9455236655e-07
112.614788404 1.46375598309e-08
112.687488075 -2.33955337325e-08
112.760187746 -9.35605937169e-08
112.832887417 -5.41557418909e-08
112.905587089 -1.3326800874e-07
112.97828676 -2.32429123725e-08
113.050986431 -9.81964376479e-08
113.123686102 -5.6305827667e-08
113.196385773 -3.91603620642e-08
113.269085444 -1.89133674278e-08
113.341785115 -6.00126294215e-08
113.414484786 -3.04343570345e-08
113.487184457 -4.26401010056e-08
113.559884128 -2.22988773002e-08
113.632583799 -1.10940338027e-08
113.70528347 3.61885788003e-09
113.777983141 3.75390891705e-08
113.850682812 3.60349028394e-08
113.923382483 1.01491798743e-07
113.996082155 -1.04803597911e-07
114.068781826 -1.32441160261e-08
114.141481497 -3.17382754855e-07
114.214181168 -4.50901184168e-08
114.286880839 -3.17712867126e-09
114.35958051 7.6915260161e-08
114.432280181 -1.49510995029e-07
114.504979852 1.77742458529e-08
114.577679523 -5.1986902605e-07
114.650379194 -8.70182035317e-08
114.723078865 3.59817264872e-09
114.795778536 -2.07373608285e-08
114.868478207 3.7632865646e-07
114.941177878 3.72187503039e-08
115.013877549 4.71690491111e-08
115.08657722 -1.58369903858e-07
115.159276892 -1.81806785737e-07
115.231976563 1.9556452302e-07
115.304676234 -3.05025119607e-08
115.377375905 1.91710729514e-08
115.450075576 1.31246337576e-07
115.522775247 2.64223205093e-07
115.595474918 -2.10890043428e-07
115.668174589 -1.23209937919e-07
115.74087426 -5.0447678035e-08
115.813573931 -4.39838995225e-08
115.886273602 -1.92153702061e-07
115.958973273 -2.60730593782e-08
116.031672944 -4.00252117005e-07
116.104372615 -7.97151422649e-08
116.177072286 -1.17724269333e-07
116.249771958 -6.30754398712e-08
116.322471629 1.80554377005e-07
116.3951713 -5.88163480142e-08
116.467870971 2.62085124714e-08
116.540570642 -1.06755861817e-07
116.613270313 -4.37728560065e-08
116.685969984 -1.33347584752e-07
116.758669655 -7.92661916105e-08
116.831369326 -4.13107348329e-08
116.904068997 -4.75593685767e-07
116.976768668 -4.45291112539e-07
117.049468339 -5.04768793763e-07
117.12216801 -1.19476881055e-07
117.194867681 -8.6868246818e-08
117.267567352 -7.40012410239e-08
117.340267023 -6.41270264667e-08
117.412966695 -8.01636542702e-08
117.485666366 -6.78572122936e-08
117.558366037 -7.8454138408e-08
117.631065708 -4.65060061572e-08
117.703765379 -7.77924094031e-08
117.77646505 -5.76003583719e-08
117.849164721 -6.17438484785e-08
117.921864392 -7.71518885445e-08
117.994564063 -6.72479776309e-08
118.067263734 -7.01362288247e-08
118.139963405 -5.56307292454e-08
118.212663076 -9.08165457281e-08
118.285362747 -5.95204301401e-08
118.358062418 -4.77922138531e-08
118.430762089 -7.3147867985e-08
118.503461761 -5.34514054129e-08
118.576161432 -6.23825275881e-08
118.648861103 -5.62578111873e-08
118.721560774 -5.5374333563e-08
118.794260445 -6.00903680148e-08
118.866960116 -5.5930494236e-08
118.939659787 -5.14799444185e-08
119.012359458 -5.34249483541e-08
119.085059129 -5.64589232033e-08
119.1577588 -4.84525669586e-08
119.230458471 -5.21234209128e-08
119.303158142 -4.8791333862e-08
119.375857813 -4.59893748639e-08
119.448557484 -4.85352172896e-08
119.521257155 -4.78923437575e-08
119.593956827 -4.54908617442e-08
119.666656498 -4.77971081603e-08
119.739356169 -4.55330004812e-08
119.81205584 -4.6975433432e-08
119.884755511 -4.62930970224e-08
119.957455182 -4.587498037e-08
120.030154853 -4.47743511156e-08
120.102854524 -4.38003134873e-08
120.175554195 -6.05560871447e-08
120.248253866 -4.38067814246e-08
120.320953537 -4.38018694648e-08
120.393653208 -4.30705121568e-08
120.466352879 -4.14780432223e-08
120.53905255 -4.25958596173e-08
120.611752221 -4.18221617338e-08
120.684451892 -4.63058694722e-08
120.757151564 -4.17787027196e-08
120.829851235 -4.1432617115e-08
120.902550906 -4.12433394104e-08
120.975250577 -4.07152076498e-08
121.047950248 -4.02807293076e-08
121.120649919 -3.99477484425e-08
121.19334959 -3.90182068877e-08
121.266049261 -4.9862455942e-08
121.338748932 -3.9931059681e-08
121.411448603 -3.93358533524e-08
121.484148274 -3.99227806369e-08
121.556847945 -3.87135923319e-08
121.629547616 -3.83399095805e-08
121.702247287 -3.79057809585e-08
121.774946958 -3.826367867e-08
121.84764663 -3.78498095088e-08
121.920346301 -3.75656997731e-08
121.993045972 -3.72887911659e-08
122.065745643 -3.69994134219e-08
122.138445314 -3.74801747416e-08
122.211144985 -3.66058221513e-08
122.283844656 -3.53701093969e-08
122.356544327 -3.76764882626e-08
122.429243998 -3.6172782214e-08
122.501943669 -3.77158027032e-08
122.57464334 -3.68687178565e-08
122.647343011 -3.58669890455e-08
122.720042682 -3.53353506455e-08
122.792742353 -3.53596300018e-08
122.865442024 -3.51263115261e-08
122.938141695 -3.48636186587e-08
123.010841367 -3.44317504508e-08
123.083541038 -3.33412714104e-08
123.156240709 -3.49584813319e-08
123.22894038 -3.46210362601e-08
123.301640051 -3.43851258577e-08
123.374339722 -3.41740209464e-08
123.447039393 -3.39854793197e-08
123.519739064 -3.37740501122e-08
123.592438735 -3.36980259252e-08
123.665138406 -3.33078736814e-08
123.737838077 -3.33546489317e-08
123.810537748 -3.31752774141e-08
123.883237419 -3.2838105124e-08
123.95593709 -3.49192117444e-08
124.028636761 -3.28282837581e-08
124.101336433 -3.32897607258e-08
124.174036104 -3.35483529845e-08
124.246735775 -3.25432651938e-08
124.319435446 -3.24478152125e-08
124.392135117 -3.20772939322e-08
124.464834788 -3.21179046692e-08
124.537534459 -3.19353412603e-08
124.61023413 -3.19183549591e-08
124.682933801 -3.14307453397e-08
124.755633472 -3.16940899081e-08
124.828333143 -3.15556516473e-08
124.901032814 -3.14827287573e-08
124.973732485 -3.12875465536e-08
125.046432156 -3.10559982175e-08
125.119131827 -3.11152011934e-08
125.191831499 -3.09462782067e-08
125.26453117 -3.0829798936e-08
125.337230841 -3.0594148881e-08
125.409930512 -3.06861462906e-08
125.482630183 -3.05121726774e-08
125.555329854 -3.05216628638e-08
125.628029525 -3.02779381567e-08
125.700729196 -3.02186174972e-08
125.773428867 -3.01699186744e-08
125.846128538 -3.00662124086e-08
125.918828209 -2.98476355853e-08
125.99152788 -2.98404190247e-08
126.064227551 -3.01055472773e-08
126.136927222 -2.95973278108e-08
126.209626893 -2.95884922119e-08
126.282326564 -2.94761890451e-08
126.355026236 -2.93725840317e-08
126.427725907 -2.93476154489e-08
126.500425578 -2.92088834231e-08
126.573125249 -2.9113907285e-08
126.64582492 -2.91543033049e-08
126.718524591 -2.89374277873e-08
126.791224262 -2.88291256423e-08
126.863923933 -2.87737175197e-08
126.936623604 -2.86769052948e-08
127.009323275 -2.85798461563e-08
127.082022946 -2.84878842738e-08
127.154722617 -2.84160335262e-08
127.227422288 -2.83341407004e-08
127.300121959 -2.82417048636e-08
127.37282163 -2.8145840214e-08
127.445521302 -2.82053854717e-08
127.518220973 -2.80353203985e-08
127.590920644 -2.79862898411e-08
127.663620315 -2.78587855007e-08
127.736319986 -2.7781084655e-08
127.809019657 -2.76871696681e-08
127.881719328 -2.76238011354e-08
127.954418999 -2.7535842273e-08
128.02711867 -2.74814032641e-08
128.099818341 -2.74403620937e-08
128.172518012 -2.73068483381e-08
128.245217683 -2.72508111632e-08
128.317917354 -2.71739564184e-08
128.390617025 -2.71144215969e-08
128.463316696 -2.70286881765e-08
128.536016368 -2.69548477982e-08
128.608716039 -2.6888275495e-08
128.68141571 -2.68136093329e-08
128.754115381 -2.6761997618e-08
128.826815052 -2.66737731902e-08
128.899514723 -2.66023483242e-08
128.972214394 -2.65290750479e-08
129.044914065 -2.64778902137e-08
129.117613736 -2.64714662412e-08
129.190313407 -2.63405507406e-08
129.263013078 -2.62710443399e-08
129.335712749 -2.62057368028e-08
129.40841242 -2.61256957179e-08
129.481112091 -2.60722480272e-08
129.553811762 -2.60082323456e-08
129.626511433 -2.59427157534e-08
129.699211105 -2.58811286846e-08
129.771910776 -2.58040924184e-08
129.844610447 -2.57535501813e-08
129.917310118 -2.5690043759e-08
129.990009789 -2.56278502864e-08
130.06270946 -2.55656769088e-08
130.135409131 -2.5504681922e-08
130.208108802 -2.54441616665e-08
130.280808473 -2.53827588947e-08
130.353508144 -2.5322446584e-08
130.426207815 -2.52629275277e-08
130.498907486 -2.52031735481e-08
130.571607157 -2.51439700172e-08
130.644306828 -2.50851712735e-08
130.717006499 -2.50267523372e-08
130.789706171 -2.49687013287e-08
130.862405842 -2.49110102546e-08
130.935105513 -2.48536724534e-08
131.007805184 -2.47966822631e-08
131.080504855 -2.47400344655e-08
131.153204526 -2.46837238427e-08
131.225904197 -2.46277456206e-08
131.298603868 -2.45720943592e-08
131.371303539 -2.45167568469e-08
131.44400321 -2.44617693879e-08
131.516702881 -2.4407081689e-08
131.589402552 -2.43527119581e-08
131.662102223 -2.42986369914e-08
131.734801894 -2.42448680021e-08
131.807501565 -2.4191398218e-08
131.880201236 -2.41382120958e-08
131.952900908 -2.4085356487e-08
132.025600579 -2.40327479029e-08
132.09830025 -2.39806466906e-08
132.170999921 -2.39284758674e-08
132.243699592 -2.38767241534e-08
132.316399263 -2.38252541029e-08
132.389098934 -2.37740575004e-08
132.461798605 -2.37231290168e-08
132.534498276 -2.36724604363e-08
132.607197947 -2.36220794037e-08
132.679897618 -2.35719030961e-08
132.752597289 -2.35216223166e-08
132.82529696 -2.34725635595e-08
132.897996631 -2.34230699281e-08
132.970696302 -2.33740753419e-08
133.043395974 -2.33251442605e-08
133.116095645 -2.32764905128e-08
133.188795316 -2.32280786827e-08
133.261494987 -2.31798956696e-08
133.334194658 -2.31319148281e-08
133.406894329 -2.30838439474e-08
133.479594 -2.30371295373e-08
133.552293671 -2.29895941173e-08
133.624993342 -2.29428080978e-08
133.697693013 -2.28959416981e-08
133.770392684 -2.28493344245e-08
133.843092355 -2.28029387594e-08
133.915792026 -2.2756899809e-08
133.988491697 -2.27106159434e-08
134.061191368 -2.26622013377e-08
134.13389104 -2.26202038212e-08
134.206590711 -2.25752433414e-08
134.279290382 -2.25295503364e-08
134.351990053 -2.24845622121e-08
134.424689724 -2.24398413184e-08
134.497389395 -2.23952663081e-08
134.570089066 -2.23507254926e-08
134.642788737 -2.23064569038e-08
134.715488408 -2.22595268884e-08
134.788188079 -2.2219919904e-08
134.86088775 -2.21780099841e-08
134.933587421 -2.21328568806e-08
135.006287092 -2.20892160119e-08
135.078986763 -2.20466152001e-08
135.151686434 -2.20038008925e-08
135.224386105 -2.19597104945e-08
135.297085777 -2.19265766654e-08
135.369785448 -2.18804596663e-08
135.442485119 -2.18355316051e-08
135.51518479 -2.1793038929e-08
135.587884461 -2.17505196076e-08
135.660584132 -2.17096101096e-08
135.733283803 -2.16684920007e-08
135.805983474 -2.1628579594e-08
135.878683145 -2.15861841735e-08
135.951382816 -2.15362367939e-08
136.024082487 -2.1516110893e-08
136.096782158 -2.14649683583e-08
136.169481829 -2.1423041896e-08
136.2421815 -2.13817866745e-08
136.314881171 -2.13479722788e-08
136.387580843 -2.13190942677e-08
136.460280514 -2.12640465236e-08
136.532980185 -2.12245522269e-08
136.605679856 -2.12031162627e-08
136.678379527 -2.11472948042e-08
136.751079198 -2.11068614808e-08
136.823778869 -2.10659510946e-08
136.89647854 -2.10294763825e-08
136.969178211 -2.0988226046e-08
137.041877882 -2.09545889529e-08
137.114577553 -2.09122245076e-08
137.187277224 -2.08660891898e-08
137.259976895 -2.08386543576e-08
137.332676566 -2.08065681351e-08
137.405376237 -2.07640520333e-08
137.478075908 -2.0724614247e-08
137.55077558 -2.06839804173e-08
137.623475251 -2.06496468813e-08
137.696174922 -2.06106066658e-08
137.768874593 -2.05793543318e-08
137.841574264 -2.05353574145e-08
137.914273935 -2.05045346258e-08
137.986973606 -2.04640735468e-08
138.059673277 -2.04263471693e-08
138.132372948 -2.03888130823e-08
138.205072619 -2.03501161478e-08
138.27777229 -2.03188168513e-08
138.350471961 -2.02807266536e-08
138.423171632 -2.02439213171e-08
138.495871303 -2.02059978749e-08
138.568570974 -2.01459111615e-08
138.641270646 -2.01399359412e-08
138.713970317 -2.01011870482e-08
138.786669988 -2.00628010871e-08
138.859369659 -2.00354285385e-08
138.93206933 -1.99963516856e-08
139.004769001 -1.99592782302e-08
139.077468672 -1.9924500716e-08
139.150168343 -1.98869684054e-08
139.222868014 -1.98541990626e-08
139.295567685 -1.98196198342e-08
139.368267356 -1.97892110476e-08
139.440967027 -1.97478619013e-08
139.513666698 -1.97165941351e-08
139.586366369 -1.96822802501e-08
139.65906604 -1.96473867176e-08
139.731765712 -1.96130842678e-08
139.804465383 -1.95791597379e-08
139.877165054 -1.9544657448e-08
139.949864725 -1.9510528193e-08
140.022564396 -1.94765240602e-08
140.095264067 -1.9442951249e-08
140.167963738 -1.94091095418e-08
140.240663409 -1.93753457722e-08
140.31336308 -1.93413329796e-08
140.386062751 -1.93097224876e-08
140.458762422 -1.92754361361e-08
140.531462093 -1.92419919998e-08
140.604161764 -1.9208864166e-08
140.676861435 -1.91753923851e-08
140.749561106 -1.91421916096e-08
140.822260777 -1.91084688073e-08
140.894960449 -1.9076603075e-08
140.96766012 -1.90455208271e-08
141.040359791 -1.90114519683e-08
141.113059462 -1.89666318207e-08
141.185759133 -1.89477987744e-08
141.258458804 -1.891456336e-08
141.331158475 -1.88820630243e-08
141.403858146 -1.88452186078e-08
141.476557817 -1.88153925773e-08
141.549257488 -1.87887495562e-08
141.621957159 -1.87547849473e-08
141.69465683 -1.87216158132e-08
141.767356501 -1.86909082656e-08
141.840056172 -1.86579761641e-08
141.912755843 -1.86330862961e-08
141.985455515 -1.85972157674e-08
142.058155186 -1.85635281591e-08
142.130854857 -1.85329762648e-08
142.203554528 -1.85008824927e-08
142.276254199 -1.84689760152e-08
142.34895387 -1.84376885981e-08
142.421653541 -1.84067308062e-08
142.494353212 -1.83749734317e-08
142.567052883 -1.83424299083e-08
142.639752554 -1.83451358549e-08
142.712452225 -1.82817969652e-08
142.785151896 -1.82507344793e-08
142.857851567 -1.82282260397e-08
142.930551238 -1.81913666353e-08
143.003250909 -1.81600493532e-08
143.075950581 -1.81285664258e-08
143.148650252 -1.80970061159e-08
143.221349923 -1.80690634677e-08
143.294049594 -1.80379013948e-08
143.366749265 -1.80065367061e-08
143.439448936 -1.79862440497e-08
143.512148607 -1.79449356486e-08
143.584848278 -1.79151227186e-08
143.657547949 -1.78843598819e-08
143.73024762 -1.78528509753e-08
143.802947291 -1.7836844779e-08
143.875646962 -1.77947934166e-08
143.948346633 -1.77651557909e-08
144.021046304 -1.77382271094e-08
144.093745975 -1.77041549199e-08
144.166445646 -1.76732283252e-08
144.239145318 -1.76400068996e-08
144.311844989 -1.76171820465e-08
144.38454466 -1.75857712836e-08
144.457244331 -1.75532609559e-08
144.529944002 -1.75251333445e-08
144.602643673 -1.74851415569e-08
144.675343344 -1.74633461025e-08
144.748043015 -1.74346279636e-08
144.820742686 -1.74094658689e-08
144.893442357 -1.73750812626e-08
144.966142028 -1.73507793688e-08
145.038841699 -1.73168310802e-08
145.11154137 -1.72924018438e-08
145.184241041 -1.72585240543e-08
145.256940712 -1.72276805044e-08
145.329640384 -1.71995995224e-08
145.402340055 -1.71697533968e-08
145.475039726 -1.71400679205e-08
145.547739397 -1.71121944392e-08
145.620439068 -1.70816912837e-08
145.693138739 -1.70470340066e-08
145.76583841 -1.6996961949e-08
145.838538081 -1.69944707196e-08
145.911237752 -1.69647764725e-08
145.983937423 -1.69271154871e-08
146.056637094 -1.69061941113e-08
146.129336765 -1.68837798187e-08
146.202036436 -1.68416526281e-08
146.274736107 -1.6818071269e-08
146.347435778 -1.67895414238e-08
146.420135449 -1.67590267219e-08
146.492835121 -1.67291731579e-08
146.565534792 -1.66962648152e-08
146.638234463 -1.66658590262e-08
146.710934134 -1.66435063509e-08
146.783633805 -1.66127301915e-08
146.856333476 -1.65796060214e-08
146.929033147 -1.65475839697e-08
147.001732818 -1.65283178255e-08
147.074432489 -1.65132809649e-08
147.14713216 -1.64676015046e-08
147.219831831 -1.64368582078e-08
147.292531502 -1.64065581121e-08
147.365231173 -1.63755532467e-08
147.437930844 -1.63448674595e-08
147.510630515 -1.63180791102e-08
147.583330187 -1.6287528104e-08
147.656029858 -1.62599589348e-08
147.728729529 -1.62258063652e-08
147.8014292 -1.6194349195e-08
147.874128871 -1.61762576667e-08
147.946828542 -1.61426261247e-08
148.019528213 -1.61087666539e-08
148.092227884 -1.60796992388e-08
148.164927555 -1.60251106829e-08
148.237627226 -1.60228046386e-08
148.310326897 -1.59865956029e-08
148.383026568 -1.59539974565e-08
148.455726239 -1.59288057189e-08
148.52842591 -1.58939474915e-08
148.601125581 -1.58621960011e-08
148.673825253 -1.58532517114e-08
148.746524924 -1.58060476929e-08
148.819224595 -1.57858242034e-08
148.891924266 -1.56526881456e-08
148.964623937 -1.57278660096e-08
149.037323608 -1.56930376471e-08
149.110023279 -1.56598428669e-08
149.18272295 -1.56271506846e-08
149.255422621 -1.55927463164e-08
149.328122292 -1.55413728553e-08
149.400821963 -1.5528742181e-08
149.473521634 -1.55072095165e-08
149.546221305 -1.54135422203e-08
149.618920976 -1.54447702405e-08
149.691620647 -1.55055411843e-08
149.764320318 -1.53887357301e-08
149.83701999 -1.53578997297e-08
149.909719661 -1.53203202347e-08
149.982419332 -1.52747974269e-08
150.055119003 -1.52743527826e-08
150.127818674 -1.51866687004e-08
150.200518345 -1.51747300281e-08
150.273218016 -1.51455310515e-08
150.345917687 -1.51928383207e-08
150.418617358 -1.50937958798e-08
150.491317029 -1.50424120937e-08
150.5640167 -1.49881359546e-08
150.636716371 -1.55531778567e-08
150.709416042 -1.49680278172e-08
150.782115713 -1.4905000234e-08
150.854815384 -1.47739694922e-08
150.927515056 -1.48899009789e-08
151.000214727 -1.47892273983e-08
151.072914398 -1.48152046187e-08
151.145614069 -1.47328123035e-08
151.21831374 -1.47132881434e-08
151.291013411 -1.46331103901e-08
151.363713082 -1.43323601876e-08
151.436412753 -1.47569926279e-08
151.509112424 -1.4572472784e-08
151.581812095 -1.45509388982e-08
151.654511766 -1.44884344522e-08
151.727211437 -1.45501369841e-08
151.799911108 -1.43878396974e-08
151.872610779 -1.45184093636e-08
151.94531045 -1.43014491361e-08
152.018010122 -1.42443035145e-08
152.090709793 -1.38674158823e-08
152.163409464 -1.4247845348e-08
152.236109135 -1.42191892705e-08
152.308808806 -1.40920469738e-08
152.381508477 -1.40698728224e-08
152.454208148 -1.39844368308e-08
152.526907819 -1.39052459547e-08
152.59960749 -1.38261108118e-08
152.672307161 -1.38213468448e-08
152.745006832 -1.37347068163e-08
152.817706503 -1.39770577334e-08
152.890406174 -1.39945378619e-08
152.963105845 -1.3640287011e-08
153.035805516 -1.37937791189e-08
153.108505187 -1.42122453806e-08
153.181204859 -1.3635284013e-08
153.25390453 -1.35255920908e-08
153.326604201 -1.34786480865e-08
153.399303872 -1.55713206773e-08
153.472003543 -1.08063414883e-08
153.544703214 -1.36059501443e-08
153.617402885 -1.33062818541e-08
153.690102556 -1.3147700817e-08
153.762802227 -1.30080685112e-08
153.835501898 -1.27993109444e-08
153.908201569 -1.31445284657e-08
153.98090124 -1.322224219e-08
154.053600911 -1.26510052434e-08
154.126300582 -1.14779842297e-08
154.199000253 -1.32391692054e-08
154.271699925 -1.29072382782e-08
154.344399596 -1.23190827539e-08
154.417099267 -1.23272179131e-08
154.489798938 -1.20675182069e-08
154.562498609 -1.60660140747e-08
154.63519828 -1.3207362759e-08
154.707897951 -1.3403372412e-08
154.780597622 -1.01324498791e-08
154.853297293 -1.33720874373e-08
154.925996964 -1.22675617442e-08
154.998696635 -7.75239150652e-09
155.071396306 -1.24321620776e-08
155.144095977 -1.17404944655e-08
155.216795648 -1.16089308166e-08
155.289495319 -1.05314080789e-08
155.36219499 -1.11301053929e-08
155.434894662 2.079074779e-08
155.507594333 -1.21733244596e-08
155.580294004 -1.09657725123e-08
155.652993675 -1.21521536167e-08
155.725693346 -1.03765463999e-08
155.798393017 -2.57240455603e-08
155.871092688 -1.22244576684e-08
155.943792359 -9.96304139189e-09
156.01649203 -6.61833998716e-09
156.089191701 -6.79115700342e-08
156.161891372 -4.28591339086e-08
156.234591043 -1.53485983923e-08
156.307290714 -1.30300198409e-08
156.379990385 -1.15258099731e-08
156.452690056 8.68730509751e-09
156.525389728 -1.09504147972e-08
156.598089399 -1.59096221752e-08
156.67078907 -1.92149242073e-08
156.743488741 -1.35774000931e-08
156.816188412 -1.9953881103e-08
156.888888083 -1.2115780379e-08
156.961587754 -1.27605174205e-08
157.034287425 -9.10837849588e-09
157.106987096 -1.02429302817e-08
157.179686767 -4.41250080918e-09
157.252386438 -1.42023551808e-08
157.325086109 -1.07317155162e-09
157.39778578 -1.29767389057e-08
157.470485451 -1.10651360297e-08
157.543185122 -4.34004623351e-08
157.615884794 -1.48616091655e-08
157.688584465 -9.92450921444e-09
157.761284136 -1.2854166731e-08
157.833983807 -2.69829247834e-08
157.906683478 -1.78328165568e-08
157.979383149 -2.26757422839e-08
158.05208282 -1.59595128224e-08
158.124782491 -1.46957962466e-08
158.197482162 -1.32110492546e-08
158.270181833 -1.07965717477e-08
158.342881504 -1.34549538178e-08
158.415581175 -7.90429977027e-09
158.488280846 -1.31901958245e-08
158.560980517 -8.3499012149e-09
158.633680188 -1.89831830255e-08
158.706379859 -1.49081157419e-08
158.779079531 -1.34100536231e-08
158.851779202 -1.12864227964e-08
158.924478873 -1.33865182272e-08
158.997178544 -1.32754777171e-08
159.069878215 -8.68034810697e-09
159.142577886 -1.90053154325e-08
159.215277557 -1.34621355175e-08
159.287977228 -1.18515974812e-08
159.360676899 -9.75524661051e-09
159.43337657 -1.22858616614e-08
159.506076241 -7.80747722029e-09
159.578775912 -8.67661487103e-09
159.651475583 -5.63958557631e-09
159.724175254 -2.89927827302e-08
159.796874925 -1.07495470303e-08
159.869574597 -1.65738729407e-08
159.942274268 -4.93864416029e-09
160.014973939 8.10131028928e-09
160.08767361 -2.17634337218e-08
160.160373281 8.82834894078e-09
160.233072952 -1.00771299083e-08
160.305772623 -1.24361599907e-08
160.378472294 -1.88296520598e-08
160.451171965 -3.9430284593e-09
160.523871636 -2.3726067e-08
160.596571307 -1.91802074223e-08
160.669270978 -1.60798326876e-08
160.741970649 -1.41869185288e-08
160.81467032 2.79395706571e-08
160.887369991 -1.43910943162e-08
160.960069662 -1.37890791008e-08
161.032769334 -1.11021188909e-08
161.105469005 -3.71994479664e-09
161.178168676 3.78356324049e-09
161.250868347 -1.98526010076e-08
161.323568018 -1.42951062099e-08
161.396267689 -1.77718026961e-08
161.46896736 -4.82637232402e-08
161.541667031 -1.56997072009e-08
161.614366702 -1.09584825658e-08
161.687066373 1.95109637335e-08
161.759766044 -1.4254784686e-08
161.832465715 -1.85224577898e-08
161.905165386 -1.46862776385e-08
161.977865057 -9.99899330001e-09
162.050564728 -1.41074255611e-08
162.1232644 -9.45675382447e-09
162.195964071 -3.09417302891e-09
162.268663742 -6.73195932333e-09
162.341363413 -2.6294670108e-08
162.414063084 -1.81190118465e-08
162.486762755 -1.57799868727e-08
162.559462426 -1.27544786954e-08
162.632162097 -1.21557994781e-08
162.704861768 -1.31710506945e-08
162.777561439 -1.58290409669e-08
162.85026111 -1.47016540053e-08
162.922960781 9.13464726082e-09
162.995660452 -1.88025798264e-08
163.068360123 -1.15298312009e-08
163.141059794 -1.49373198255e-08
163.213759466 -1.15070912798e-08
163.286459137 -2.50949124814e-08
163.359158808 4.29895941068e-09
163.431858479 -2.05866161895e-08
163.50455815 -1.67467878454e-08
163.577257821 1.03549682162e-08
163.649957492 -1.41627924943e-08
163.722657163 -3.18137715061e-08
163.795356834 -9.75802738612e-09
163.868056505 -1.64605997721e-08
163.940756176 -1.89598569067e-08
164.013455847 -1.70785028342e-08
164.086155518 -1.28146551148e-08
164.158855189 -6.97150328577e-08
164.23155486 -1.99755242347e-08
164.304254531 -1.7880512182e-08
164.376954203 -1.63573602441e-08
164.449653874 -1.40007643257e-08
164.522353545 -6.10518813282e-09
164.595053216 -1.95052479723e-08
164.667752887 1.54274337749e-08
164.740452558 -2.00028115183e-08
164.813152229 -1.67569197407e-08
